# Generic 1D velocity model for Loma Prieta region
# Near surface structure is modified to have a Vs30 of 865 m/s
# thickness (km)  Vp(km/s)  Vs(km/s)     Rho (g/cc)       Qp       Qs
  0.0020   1.7000   0.4500   2.0000    45.00    22.50
  0.0040   1.8000   0.6500   2.1000    65.00    32.50
  0.0060   1.8000   0.8500   2.1000    85.00    42.50
  0.0080   1.9000   0.9500   2.1000    95.00    47.50
  0.0100   2.0000   1.1500   2.2000   115.00    57.50
  0.0700   2.4000   1.2000   2.2000   120.00    60.00
  0.1000   2.6000   1.3000   2.4000   130.00    65.00
  0.3000   3.0000   1.4000   2.4500   140.00    70.00
  0.5000   3.6000   1.9500   2.5500   195.00    97.50
  0.5000   4.4000   2.5000   2.6000   250.00   125.00
  1.0000   4.8000   2.8000   2.6000   280.00   140.00
  1.0000   5.2500   3.1000   2.6200   310.00   155.00
  1.5000   5.5000   3.2500   2.6500   325.00   162.50
  2.0000   5.6000   3.3500   2.7000   335.00   167.50
  2.0000   5.7500   3.4500   2.7200   345.00   172.50
  8.0000   6.1000   3.6000   2.7500   360.00   180.00
  8.0000   6.5000   3.8000   3.0000   380.00   190.00
999.0000   7.8000   4.4000   3.3000   440.00   220.00
