12 12 7.360 61.0 114.620000 316.500000 117.750000
23 20 5.280 80.0 11.130000 874.000000 13.700000
28 25 6.190 180.0 17.640000 408.900000 17.900000
30 25 6.190 180.0 9.580000 289.600000 10.040000
31 25 6.190 180.0 12.900000 256.800000 13.240000
33 25 6.190 180.0 15.960000 527.900000 16.240000
37 28 6.630 -178.0 222.420000 316.500000 222.670000
40 28 6.630 -178.0 129.110000 442.900000 129.550000
41 29 5.330 59.0 106.330000 450.300000 106.630000
42 29 5.330 59.0 22.510000 477.200000 23.890000
43 29 5.330 59.0 18.870000 813.500000 20.500000
44 29 5.330 59.0 31.480000 302.000000 32.480000
45 29 5.330 59.0 20.430000 684.900000 21.940000
46 29 5.330 59.0 76.230000 316.500000 76.650000
47 29 5.330 59.0 93.220000 425.300000 93.560000
48 29 5.330 59.0 31.690000 597.100000 32.690000
49 29 5.330 59.0 44.980000 684.900000 45.680000
50 29 5.330 59.0 13.010000 486.000000 15.270000
51 30 6.610 83.0 55.200000 280.600000 58.240000
52 30 6.610 83.0 173.160000 338.500000 173.880000
54 30 6.610 83.0 214.320000 271.400000 215.240000
55 30 6.610 83.0 111.370000 438.300000 112.520000
57 30 6.610 83.0 19.330000 450.300000 22.630000
58 30 6.610 83.0 92.250000 477.200000 92.590000
59 30 6.610 83.0 89.370000 813.500000 89.720000
60 30 6.610 83.0 217.540000 184.800000 218.130000
61 30 6.610 83.0 218.170000 256.800000 218.750000
62 30 6.610 83.0 96.810000 302.000000 96.930000
64 30 6.610 83.0 59.520000 394.200000 61.640000
65 30 6.610 83.0 43.950000 308.400000 46.780000
66 30 6.610 83.0 139.140000 338.500000 139.800000
68 30 6.610 83.0 22.770000 316.500000 25.890000
70 30 6.610 83.0 22.220000 425.300000 27.400000
71 30 6.610 83.0 13.990000 602.100000 19.300000
72 30 6.610 83.0 19.450000 821.700000 25.070000
73 30 6.610 83.0 17.220000 670.800000 22.570000
74 30 6.610 83.0 193.250000 271.400000 193.910000
75 30 6.610 83.0 108.560000 438.300000 109.740000
76 30 6.610 83.0 109.010000 438.300000 110.180000
78 30 6.610 83.0 24.160000 452.900000 28.990000
81 30 6.610 83.0 35.540000 529.100000 38.970000
82 30 6.610 83.0 68.840000 297.900000 70.550000
84 30 6.610 83.0 205.770000 370.800000 207.860000
85 30 6.610 83.0 108.010000 338.500000 110.030000
86 30 6.610 83.0 124.790000 442.900000 126.780000
89 30 6.610 83.0 61.750000 669.500000 63.790000
91 30 6.610 83.0 61.720000 446.000000 61.840000
92 30 6.610 83.0 68.380000 347.700000 70.230000
93 30 6.610 83.0 39.450000 298.700000 41.380000
94 30 6.610 83.0 61.640000 486.000000 62.230000
95 31 6.240 0.0 3.510000 288.800000 4.740000
96 32 5.200 0.0 5.680000 288.800000 7.570000
97 33 5.650 75.0 18.100000 297.900000 19.790000
98 34 5.140 0.0 11.080000 1428.000000 12.660000
100 34 5.140 0.0 9.380000 370.800000 11.190000
106 36 5.890 -70.0 12.580000 622.900000 13.730000
107 37 4.790 -69.0 14.620000 438.300000 15.060000
108 37 4.790 -69.0 12.400000 438.300000 12.920000
109 38 4.370 -59.0 9.950000 438.300000 11.180000
110 38 4.370 -59.0 13.850000 438.300000 14.760000
111 38 4.370 -59.0 11.090000 438.300000 12.200000
112 39 4.700 -91.0 7.030000 438.300000 10.360000
113 39 4.700 -91.0 1.070000 622.900000 7.680000
114 39 4.700 -91.0 8.280000 438.300000 11.240000
115 39 4.700 -91.0 8.600000 438.300000 11.480000
116 39 4.700 -91.0 1.990000 438.300000 7.860000
117 39 4.700 -91.0 8.780000 438.300000 11.610000
118 39 4.700 -91.0 9.350000 345.400000 12.050000
119 39 4.700 -91.0 6.210000 477.700000 9.820000
120 39 4.700 -91.0 11.060000 438.300000 13.420000
121 40 6.500 80.0 49.130000 424.800000 49.380000
122 40 6.500 80.0 33.320000 274.500000 35.670000
123 40 6.500 80.0 80.370000 274.500000 81.000000
124 40 6.500 80.0 102.050000 659.600000 102.160000
125 40 6.500 80.0 14.970000 424.800000 15.820000
127 42 5.500 90.0 13.830000 338.600000 15.080000
128 42 5.500 90.0 19.970000 412.400000 20.850000
129 42 5.500 90.0 20.010000 659.600000 20.890000
130 43 5.910 70.0 10.990000 338.600000 14.270000
131 43 5.910 70.0 41.370000 274.500000 43.740000
132 43 5.910 70.0 14.650000 412.400000 15.350000
133 43 5.910 70.0 14.370000 659.600000 14.960000
134 44 5.300 -90.0 2.290000 659.600000 5.500000
137 46 7.350 110.0 119.770000 338.600000 120.810000
138 46 7.350 110.0 24.070000 338.600000 28.790000
139 46 7.350 110.0 0.000000 659.600000 13.940000
140 46 7.350 110.0 89.760000 274.500000 91.140000
141 46 7.350 110.0 193.910000 274.500000 194.550000
142 46 7.350 110.0 150.330000 424.800000 151.160000
143 46 7.350 110.0 1.790000 766.800000 6.780000
144 47 5.340 -85.0 5.960000 659.600000 9.190000
146 48 5.740 176.0 10.210000 1428.000000 10.670000
147 48 5.740 176.0 8.470000 270.800000 9.020000
148 48 5.740 176.0 6.750000 349.900000 7.420000
149 48 5.740 176.0 4.790000 221.800000 5.700000
150 48 5.740 176.0 0.420000 663.300000 3.110000
151 48 5.740 176.0 33.690000 281.600000 33.830000
152 48 5.740 176.0 20.440000 370.800000 20.670000
153 48 5.740 176.0 20.440000 370.800000 20.670000
154 48 5.740 176.0 19.460000 370.800000 19.700000
155 49 5.900 -100.0 35.970000 1000.000000 36.470000
156 49 5.900 -100.0 4.290000 659.600000 7.370000
157 49 5.900 -100.0 18.240000 338.600000 19.200000
158 50 6.530 180.0 0.000000 274.500000 3.410000
159 50 6.530 180.0 0.000000 274.500000 3.400000
160 50 6.530 180.0 0.470000 223.000000 4.010000
161 50 6.530 180.0 8.540000 208.700000 10.570000
162 50 6.530 180.0 10.450000 231.200000 11.560000
163 50 6.530 180.0 23.170000 205.800000 24.600000
164 50 6.530 180.0 15.190000 659.600000 16.060000
165 50 6.530 180.0 7.290000 274.500000 8.350000
166 50 6.530 180.0 49.100000 345.400000 50.100000
167 50 6.530 180.0 13.520000 274.500000 15.340000
169 50 6.530 180.0 22.030000 274.500000 22.540000
170 50 6.530 180.0 7.310000 192.100000 8.610000
171 50 6.530 180.0 0.070000 186.200000 3.470000
172 50 6.530 180.0 19.760000 237.300000 21.680000
173 50 6.530 180.0 6.170000 202.900000 7.580000
174 50 6.530 180.0 12.450000 196.300000 13.480000
175 50 6.530 180.0 17.940000 196.900000 18.850000
176 50 6.530 180.0 21.980000 249.900000 22.830000
178 50 6.530 180.0 10.790000 162.900000 12.900000
179 50 6.530 180.0 4.900000 208.900000 7.380000
180 50 6.530 180.0 1.760000 205.600000 4.820000
181 50 6.530 180.0 0.000000 203.200000 3.490000
182 50 6.530 180.0 0.560000 210.500000 3.590000
183 50 6.530 180.0 3.860000 206.100000 5.610000
184 50 6.530 180.0 5.090000 202.300000 6.630000
185 50 6.530 180.0 5.510000 202.900000 7.940000
186 50 6.530 180.0 35.640000 207.500000 36.920000
187 50 6.530 180.0 12.690000 348.700000 13.530000
188 50 6.530 180.0 30.330000 345.400000 31.100000
189 50 6.530 180.0 9.640000 338.600000 10.790000
190 50 6.530 180.0 24.610000 362.400000 25.230000
191 50 6.530 180.0 31.920000 274.500000 32.230000
192 50 6.530 180.0 14.750000 193.700000 15.480000
193 51 5.010 180.0 12.670000 223.000000 15.830000
194 51 5.010 180.0 25.840000 208.700000 27.530000
195 51 5.010 180.0 11.850000 231.200000 15.190000
196 51 5.010 180.0 51.210000 274.500000 52.080000
197 51 5.010 180.0 24.360000 237.300000 26.150000
198 51 5.010 180.0 9.000000 202.900000 13.090000
199 51 5.010 180.0 14.380000 196.300000 17.240000
200 51 5.010 180.0 18.040000 188.800000 20.390000
201 51 5.010 180.0 15.280000 162.900000 17.990000
202 51 5.010 180.0 10.860000 208.900000 14.430000
203 51 5.010 180.0 10.090000 205.600000 13.860000
204 51 5.010 180.0 9.110000 203.200000 13.160000
205 51 5.010 180.0 9.080000 210.500000 13.140000
206 51 5.010 180.0 9.810000 206.100000 13.660000
207 51 5.010 180.0 9.350000 202.300000 13.330000
208 51 5.010 180.0 7.850000 202.900000 12.320000
209 52 5.620 180.0 11.040000 193.700000 11.530000
210 53 5.800 160.0 30.820000 517.100000 33.080000
213 53 5.800 160.0 37.280000 367.600000 39.170000
214 53 5.800 160.0 17.130000 271.400000 20.920000
215 53 5.800 160.0 16.660000 271.400000 20.530000
216 53 5.800 160.0 56.120000 271.400000 57.380000
217 54 5.420 161.0 29.630000 517.100000 32.990000
220 54 5.420 161.0 27.920000 367.600000 31.460000
221 54 5.420 161.0 3.330000 338.500000 14.880000
222 54 5.420 161.0 10.330000 712.800000 17.800000
223 54 5.420 161.0 16.570000 271.400000 22.020000
224 54 5.420 161.0 21.650000 271.400000 26.060000
225 55 5.190 170.0 12.680000 724.900000 18.590000
226 55 5.190 170.0 7.580000 684.900000 15.570000
227 55 5.190 170.0 15.880000 338.500000 20.910000
228 55 5.190 170.0 41.250000 370.800000 43.440000
229 55 5.190 170.0 20.430000 329.000000 24.540000
230 56 6.060 -35.0 1.100000 338.500000 6.630000
232 56 6.060 -35.0 4.480000 370.800000 6.590000
233 57 5.690 0.0 2.910000 338.500000 9.460000
235 57 5.690 0.0 1.440000 370.800000 9.120000
236 58 5.910 -11.0 5.900000 338.500000 17.050000
237 58 5.910 -11.0 11.510000 345.400000 19.710000
240 59 5.700 28.0 2.750000 338.500000 5.710000
241 59 5.700 28.0 14.190000 345.400000 15.040000
244 60 5.700 0.0 9.360000 338.500000 10.480000
246 61 5.940 -28.0 46.490000 271.400000 48.550000
247 61 5.940 -28.0 19.970000 345.400000 24.390000
248 61 5.940 -28.0 12.030000 338.500000 18.460000
249 61 5.940 -28.0 12.020000 338.500000 18.450000
251 62 4.730 0.0 4.040000 338.500000 7.230000
252 62 4.730 0.0 3.780000 338.500000 7.090000
253 62 4.730 0.0 4.570000 338.500000 7.540000
254 62 4.730 0.0 8.020000 338.500000 10.010000
255 62 4.730 0.0 9.550000 338.500000 11.280000
256 62 4.730 0.0 1.330000 338.500000 6.150000
257 63 4.800 0.0 9.990000 338.500000 11.650000
258 63 4.800 0.0 6.020000 370.800000 8.500000
259 63 4.800 0.0 4.500000 338.500000 7.500000
261 63 4.800 0.0 4.180000 338.500000 7.310000
262 63 4.800 0.0 8.440000 338.500000 10.360000
263 63 4.800 0.0 5.730000 370.800000 8.300000
264 63 4.800 0.0 1.060000 338.500000 6.090000
265 64 6.330 0.0 13.800000 659.600000 14.370000
266 64 6.330 0.0 18.530000 274.500000 18.960000
268 64 6.330 0.0 39.100000 338.600000 39.300000
269 64 6.330 0.0 6.070000 274.500000 7.270000
270 65 4.850 0.0 5.540000 370.800000 9.430000
271 65 4.850 0.0 8.860000 338.500000 11.690000
272 65 4.850 0.0 9.900000 338.500000 12.500000
273 65 4.850 0.0 11.060000 338.500000 13.430000
274 65 4.850 0.0 11.750000 338.500000 14.010000
275 65 4.850 0.0 10.490000 338.500000 12.970000
276 65 4.850 0.0 8.570000 338.500000 11.480000
277 65 4.850 0.0 6.150000 370.800000 9.800000
278 65 4.850 0.0 7.490000 684.900000 10.690000
283 68 6.900 -90.0 52.930000 1000.000000 54.100000
284 68 6.900 -90.0 9.520000 1000.000000 10.520000
285 68 6.900 -90.0 8.140000 1000.000000 10.760000
286 68 6.900 -90.0 17.510000 1000.000000 21.260000
287 68 6.900 -90.0 44.620000 274.500000 46.250000
288 68 6.900 -90.0 22.540000 500.000000 23.350000
289 68 6.900 -90.0 13.340000 600.000000 17.640000
290 68 6.900 -90.0 29.790000 350.000000 32.000000
291 68 6.900 -90.0 27.490000 530.000000 30.070000
292 68 6.900 -90.0 6.780000 1000.000000 10.840000
293 68 6.900 -90.0 59.630000 659.600000 61.500000
294 68 6.900 -90.0 51.740000 460.000000 53.160000
295 69 6.200 -90.0 28.690000 1000.000000 29.860000
296 69 6.200 -90.0 17.790000 1000.000000 19.560000
297 69 6.200 -90.0 14.730000 1000.000000 16.310000
298 69 6.200 -90.0 43.500000 274.500000 44.890000
299 69 6.200 -90.0 41.730000 500.000000 42.650000
300 69 6.200 -90.0 8.810000 600.000000 10.550000
301 69 6.200 -90.0 43.510000 350.000000 44.410000
302 69 6.200 -90.0 22.680000 530.000000 24.080000
303 69 6.200 -90.0 20.380000 1000.000000 20.850000
304 69 6.200 -90.0 64.360000 460.000000 64.760000
305 70 4.700 -90.0 4.840000 659.600000 15.760000
313 72 6.600 -60.0 10.270000 338.600000 13.710000
314 73 5.900 0.0 15.280000 208.700000 15.570000
315 73 5.900 0.0 15.160000 207.500000 15.450000
316 73 5.900 0.0 16.540000 348.700000 16.810000
317 73 5.900 0.0 7.570000 191.100000 8.150000
318 73 5.900 0.0 19.260000 362.400000 19.500000
319 73 5.900 0.0 6.180000 193.700000 6.870000
320 74 5.340 180.0 8.910000 338.500000 9.400000
321 75 5.310 180.0 9.770000 338.500000 10.760000
322 76 6.360 90.0 23.780000 271.400000 24.020000
323 76 6.360 90.0 55.050000 408.900000 55.770000
324 76 6.360 90.0 42.760000 338.500000 43.680000
325 76 6.360 90.0 41.990000 376.100000 42.920000
326 76 6.360 90.0 43.830000 184.800000 44.720000
327 76 6.360 90.0 40.010000 376.100000 40.980000
328 76 6.360 90.0 44.820000 338.500000 45.700000
329 76 6.360 90.0 46.730000 338.500000 47.570000
330 76 6.360 90.0 45.490000 438.300000 46.350000
331 76 6.360 90.0 47.880000 289.600000 48.700000
332 76 6.360 90.0 49.400000 338.500000 50.200000
333 76 6.360 90.0 50.980000 256.800000 51.750000
334 76 6.360 90.0 41.040000 338.500000 41.990000
335 76 6.360 90.0 30.340000 438.300000 31.620000
336 76 6.360 90.0 27.100000 376.100000 28.520000
337 76 6.360 90.0 27.960000 338.500000 29.340000
338 76 6.360 90.0 28.110000 338.500000 29.480000
339 76 6.360 90.0 28.000000 376.100000 29.380000
340 76 6.360 90.0 26.200000 338.500000 27.670000
341 76 6.360 90.0 37.920000 338.500000 38.950000
342 76 6.360 90.0 36.140000 370.800000 37.220000
343 76 6.360 90.0 33.420000 338.500000 34.590000
344 76 6.360 90.0 31.640000 438.300000 32.870000
345 76 6.360 90.0 29.910000 370.800000 31.210000
346 76 6.360 90.0 28.580000 376.100000 29.940000
347 76 6.360 90.0 30.430000 438.300000 31.710000
348 76 6.360 90.0 35.040000 338.500000 36.150000
349 76 6.360 90.0 31.850000 338.500000 33.070000
350 76 6.360 90.0 35.930000 376.100000 37.020000
351 76 6.360 90.0 28.720000 370.800000 30.070000
352 76 6.360 90.0 38.100000 438.300000 39.120000
353 76 6.360 90.0 40.130000 438.300000 41.100000
354 76 6.360 90.0 42.720000 438.300000 43.640000
355 76 6.360 90.0 47.040000 438.300000 47.880000
356 76 6.360 90.0 35.290000 376.100000 36.400000
357 76 6.360 90.0 32.810000 376.100000 34.000000
358 76 6.360 90.0 30.300000 376.100000 31.580000
359 76 6.360 90.0 24.830000 338.500000 26.380000
360 76 6.360 90.0 27.720000 376.100000 29.120000
362 76 6.360 90.0 29.010000 338.500000 30.350000
363 76 6.360 90.0 30.910000 297.200000 32.170000
364 76 6.360 90.0 33.280000 376.100000 34.450000
366 76 6.360 90.0 39.940000 438.300000 40.920000
368 76 6.360 90.0 7.690000 257.400000 8.410000
369 76 6.360 90.0 25.980000 684.900000 27.460000
370 77 5.090 106.0 26.490000 376.100000 29.080000
371 77 5.090 106.0 4.040000 376.100000 12.660000
372 77 5.090 106.0 3.380000 376.100000 12.470000
373 77 5.090 106.0 3.380000 376.100000 12.470000
374 77 5.090 106.0 13.100000 352.200000 17.760000
375 77 5.090 106.0 11.630000 338.500000 16.710000
376 77 5.090 106.0 13.110000 271.400000 17.770000
377 77 5.090 106.0 5.080000 438.300000 13.030000
379 77 5.090 106.0 5.790000 376.100000 13.320000
380 77 5.090 106.0 4.040000 376.100000 12.660000
381 77 5.090 106.0 1.350000 376.100000 12.080000
382 77 5.090 106.0 4.160000 376.100000 12.700000
383 77 5.090 106.0 8.230000 257.400000 14.550000
384 77 5.090 106.0 7.430000 376.100000 14.110000
385 77 5.090 106.0 8.090000 270.400000 14.470000
386 77 5.090 106.0 3.290000 376.100000 12.440000
387 77 5.090 106.0 16.460000 617.400000 20.370000
388 77 5.090 106.0 8.980000 246.500000 14.990000
389 77 5.090 106.0 4.110000 376.100000 12.690000
390 77 5.090 106.0 16.100000 338.500000 20.080000
391 78 5.380 90.0 15.560000 352.200000 15.750000
392 78 5.380 90.0 14.570000 338.500000 14.770000
393 78 5.380 90.0 15.760000 617.400000 15.940000
394 79 5.180 116.0 6.340000 376.100000 11.010000
395 79 5.180 116.0 6.340000 376.100000 11.010000
396 79 5.180 116.0 13.150000 352.200000 15.940000
397 79 5.180 116.0 11.900000 338.500000 14.920000
398 79 5.180 116.0 4.350000 376.100000 9.990000
399 79 5.180 116.0 7.730000 376.100000 11.860000
400 79 5.180 116.0 7.730000 376.100000 11.860000
401 79 5.180 116.0 10.760000 376.100000 14.030000
402 79 5.180 116.0 8.850000 376.100000 12.620000
403 79 5.180 116.0 14.470000 617.400000 17.040000
404 79 5.180 116.0 5.120000 376.100000 10.350000
405 80 5.770 102.0 12.380000 352.200000 14.420000
406 80 5.770 102.0 11.210000 338.500000 13.430000
407 80 5.770 102.0 4.600000 376.100000 8.710000
408 80 5.770 102.0 8.550000 376.100000 11.310000
409 80 5.770 102.0 8.550000 376.100000 11.310000
410 80 5.770 102.0 11.090000 376.100000 13.330000
411 80 5.770 102.0 16.170000 257.400000 17.790000
412 80 5.770 102.0 16.170000 257.400000 17.790000
413 80 5.770 102.0 9.990000 376.100000 12.430000
414 80 5.770 102.0 13.400000 617.400000 15.300000
415 80 5.770 102.0 5.990000 376.100000 9.520000
416 81 4.890 85.0 9.270000 338.500000 12.180000
417 81 4.890 85.0 11.270000 617.400000 13.770000
418 82 5.210 90.0 9.570000 338.500000 12.740000
419 82 5.210 90.0 12.020000 617.400000 14.660000
420 83 6.700 -174.0 65.670000 338.600000 65.980000
423 85 5.230 161.0 13.570000 338.500000 15.130000
424 85 5.230 161.0 18.740000 617.400000 19.900000
437 87 6.880 -70.0 83.000000 424.800000 84.090000
439 87 6.880 -70.0 84.800000 424.800000 86.670000
442 88 5.100 -65.0 18.010000 338.600000 20.600000
443 88 5.100 -65.0 23.200000 659.600000 25.260000
444 88 5.100 -65.0 50.430000 659.600000 51.410000
445 89 5.500 -90.0 8.220000 274.500000 12.190000
446 90 6.190 180.0 51.680000 220.000000 51.770000
447 90 6.190 180.0 24.480000 239.700000 24.660000
448 90 6.190 180.0 3.220000 488.800000 4.400000
449 90 6.190 180.0 39.080000 288.600000 39.190000
450 90 6.190 180.0 23.230000 462.200000 23.430000
452 90 6.190 180.0 53.890000 116.400000 53.970000
453 90 6.190 180.0 31.340000 367.600000 31.480000
454 90 6.190 180.0 14.830000 729.700000 15.130000
455 90 6.190 180.0 14.900000 1428.000000 15.200000
456 90 6.190 180.0 13.680000 270.800000 14.000000
457 90 6.190 180.0 13.010000 349.900000 13.350000
458 90 6.190 180.0 11.530000 221.800000 11.910000
459 90 6.190 180.0 9.850000 663.300000 10.300000
460 90 6.190 180.0 12.060000 333.900000 12.430000
461 90 6.190 180.0 3.450000 281.600000 4.570000
463 90 6.190 180.0 26.420000 215.500000 26.590000
464 90 6.190 180.0 26.420000 215.500000 26.590000
465 90 6.190 180.0 26.420000 215.500000 26.590000
466 90 6.190 180.0 26.420000 215.500000 26.590000
467 90 6.190 180.0 26.420000 215.500000 26.590000
468 90 6.190 180.0 63.160000 271.400000 63.230000
469 90 6.190 180.0 70.930000 190.100000 70.990000
470 90 6.190 180.0 27.150000 370.800000 27.310000
476 90 6.190 180.0 45.470000 714.000000 45.570000
477 91 5.800 -96.0 12.800000 659.600000 18.890000
478 91 5.800 -96.0 49.330000 200.000000 51.290000
479 91 5.800 -96.0 29.710000 338.600000 31.230000
480 91 5.800 -96.0 29.580000 338.600000 32.740000
481 91 5.800 -96.0 45.470000 338.600000 47.590000
485 94 5.820 10.0 21.930000 359.200000 23.700000
494 96 5.200 -121.0 43.380000 659.600000 44.450000
495 97 6.760 90.0 2.480000 659.600000 9.600000
496 97 6.760 90.0 0.000000 659.600000 4.930000
497 97 6.760 90.0 4.930000 659.600000 7.680000
498 98 5.450 165.0 14.760000 215.500000 17.140000
499 98 5.450 165.0 14.760000 215.500000 17.140000
501 98 5.450 165.0 11.350000 684.900000 14.310000
502 99 5.600 175.0 15.860000 281.600000 18.320000
511 101 6.060 150.0 38.220000 684.900000 38.430000
512 101 6.060 150.0 51.910000 684.900000 52.060000
513 101 6.060 150.0 42.170000 338.500000 42.360000
514 101 6.060 150.0 6.740000 345.400000 7.840000
515 101 6.060 150.0 52.260000 275.000000 52.410000
516 101 6.060 150.0 27.210000 370.800000 27.500000
517 101 6.060 150.0 0.990000 345.400000 6.820000
518 101 6.060 150.0 12.790000 345.400000 14.240000
519 101 6.060 150.0 34.480000 338.500000 34.710000
520 101 6.060 150.0 71.700000 345.400000 72.970000
521 101 6.060 150.0 29.560000 338.500000 29.830000
522 101 6.060 150.0 35.340000 207.500000 35.570000
523 101 6.060 150.0 41.740000 345.400000 41.930000
524 101 6.060 150.0 23.200000 379.300000 26.880000
526 101 6.060 150.0 32.650000 345.400000 35.360000
527 101 6.060 150.0 3.670000 345.400000 12.070000
528 101 6.060 150.0 54.670000 684.900000 54.820000
529 101 6.060 150.0 0.000000 345.400000 4.040000
530 101 6.060 150.0 10.080000 207.500000 10.840000
531 101 6.060 150.0 67.380000 370.800000 67.500000
532 101 6.060 150.0 77.980000 390.200000 78.090000
533 101 6.060 150.0 64.830000 370.800000 64.950000
534 101 6.060 150.0 22.960000 370.800000 23.310000
535 101 6.060 150.0 30.710000 338.500000 30.970000
536 101 6.060 150.0 38.940000 684.900000 39.140000
537 101 6.060 150.0 16.550000 684.900000 17.030000
538 101 6.060 150.0 37.660000 271.400000 37.870000
539 101 6.060 150.0 64.680000 370.800000 64.800000
540 101 6.060 150.0 0.000000 345.400000 6.040000
541 101 6.060 150.0 48.920000 684.900000 49.080000
542 101 6.060 150.0 38.010000 338.500000 38.220000
543 102 5.770 20.0 24.250000 271.400000 24.430000
544 102 5.770 20.0 23.380000 271.400000 23.570000
545 102 5.770 20.0 14.990000 345.400000 15.290000
546 102 5.770 20.0 24.370000 338.500000 24.560000
547 102 5.770 20.0 6.070000 271.400000 6.770000
548 103 6.190 -163.0 21.550000 271.400000 21.920000
549 103 6.190 -163.0 14.380000 271.400000 17.170000
550 103 6.190 -163.0 14.970000 345.400000 18.310000
551 103 6.190 -163.0 29.350000 338.500000 31.190000
552 103 6.190 -163.0 22.080000 338.500000 24.470000
553 103 6.190 -163.0 18.300000 345.400000 21.120000
555 103 6.190 -163.0 34.910000 345.400000 36.470000
556 103 6.190 -163.0 28.200000 359.200000 30.110000
557 103 6.190 -163.0 50.920000 345.400000 51.980000
558 103 6.190 -163.0 6.440000 271.400000 7.580000
559 104 5.650 0.0 25.900000 271.400000 26.380000
560 104 5.650 0.0 11.920000 345.400000 12.930000
561 104 5.650 0.0 15.240000 271.400000 16.040000
562 105 5.440 160.0 26.700000 271.400000 28.240000
563 105 5.440 160.0 10.220000 271.400000 13.750000
568 108 5.800 0.0 2.140000 545.000000 6.300000
569 108 5.800 0.0 3.710000 350.000000 6.990000
585 110 5.500 160.0 3.690000 659.600000 7.040000
586 111 6.600 -110.0 68.740000 424.800000 70.490000
589 113 5.990 150.0 1.670000 550.000000 14.660000
590 113 5.990 150.0 8.720000 370.800000 19.520000
591 113 5.990 150.0 25.810000 234.900000 29.600000
592 113 5.990 150.0 4.530000 367.500000 17.420000
593 113 5.990 150.0 32.560000 297.700000 36.970000
594 113 5.990 150.0 4.340000 308.600000 16.720000
595 113 5.990 150.0 10.310000 308.600000 17.790000
596 113 5.990 150.0 25.910000 545.700000 29.900000
597 113 5.990 150.0 29.090000 355.800000 32.700000
598 113 5.990 150.0 22.500000 446.000000 28.500000
600 113 5.990 150.0 19.110000 370.800000 23.990000
602 113 5.990 150.0 20.370000 271.400000 26.340000
603 113 5.990 150.0 52.760000 338.500000 54.740000
604 113 5.990 150.0 45.980000 267.500000 48.960000
605 113 5.990 150.0 44.880000 308.600000 48.180000
607 113 5.990 150.0 29.850000 361.200000 33.190000
608 113 5.990 150.0 26.300000 160.600000 30.030000
609 113 5.990 150.0 62.560000 438.300000 64.960000
610 113 5.990 150.0 70.040000 450.300000 72.190000
611 113 5.990 150.0 18.320000 308.600000 23.370000
612 113 5.990 150.0 13.580000 405.200000 20.910000
613 113 5.990 150.0 9.490000 271.400000 18.590000
614 113 5.990 150.0 14.900000 245.100000 20.790000
615 113 5.990 150.0 14.950000 271.900000 20.820000
616 113 5.990 150.0 0.750000 308.600000 15.670000
617 113 5.990 150.0 35.040000 308.600000 37.920000
618 113 5.990 150.0 36.690000 270.200000 39.450000
620 113 5.990 150.0 14.680000 446.000000 22.820000
621 113 5.990 150.0 13.670000 446.000000 22.110000
622 113 5.990 150.0 9.600000 337.000000 17.390000
623 113 5.990 150.0 102.890000 338.500000 103.900000
624 113 5.990 150.0 42.160000 370.800000 44.580000
625 113 5.990 150.0 21.410000 316.000000 25.860000
626 113 5.990 150.0 18.230000 301.000000 23.290000
627 113 5.990 150.0 21.510000 297.100000 25.940000
628 113 5.990 150.0 28.000000 234.900000 31.530000
629 113 5.990 150.0 26.140000 278.000000 29.890000
630 113 5.990 150.0 25.950000 278.000000 29.730000
631 113 5.990 150.0 32.110000 740.100000 35.230000
632 113 5.990 150.0 8.560000 446.000000 16.970000
634 113 5.990 150.0 11.070000 446.000000 18.860000
635 113 5.990 150.0 19.220000 316.500000 24.080000
636 113 5.990 150.0 27.940000 255.000000 31.470000
637 113 5.990 150.0 6.000000 405.200000 16.530000
638 113 5.990 150.0 15.340000 315.100000 21.110000
639 113 5.990 150.0 4.500000 349.400000 15.180000
640 113 5.990 150.0 14.460000 308.600000 20.480000
641 113 5.990 150.0 20.350000 308.700000 24.990000
642 113 5.990 150.0 16.770000 294.200000 22.170000
643 113 5.990 150.0 23.400000 1222.500000 27.640000
644 113 5.990 150.0 34.100000 229.800000 37.050000
645 113 5.990 150.0 19.800000 270.200000 24.540000
646 113 5.990 150.0 24.610000 405.200000 28.560000
647 113 5.990 150.0 30.400000 370.800000 33.680000
648 113 5.990 150.0 19.280000 446.000000 26.040000
649 113 5.990 150.0 14.170000 361.200000 20.280000
650 113 5.990 150.0 10.240000 308.600000 17.750000
651 113 5.990 150.0 69.590000 425.300000 71.750000
652 113 5.990 150.0 22.400000 234.900000 26.680000
653 113 5.990 150.0 65.320000 271.400000 67.620000
654 113 5.990 150.0 26.310000 361.200000 30.040000
655 113 5.990 150.0 56.480000 446.000000 59.130000
656 113 5.990 150.0 56.970000 327.400000 59.600000
657 113 5.990 150.0 46.430000 622.900000 48.640000
658 113 5.990 150.0 61.540000 349.500000 63.230000
659 113 5.990 150.0 60.350000 376.100000 62.070000
661 113 5.990 150.0 32.360000 684.900000 36.790000
662 113 5.990 150.0 72.620000 405.200000 74.690000
663 113 5.990 150.0 14.500000 821.700000 22.730000
664 113 5.990 150.0 28.370000 446.000000 33.110000
665 113 5.990 150.0 49.180000 269.100000 52.200000
666 113 5.990 150.0 55.930000 285.900000 58.610000
667 113 5.990 150.0 38.040000 280.900000 41.690000
668 113 5.990 150.0 14.370000 270.200000 20.420000
670 113 5.990 150.0 38.700000 446.000000 41.320000
671 113 5.990 150.0 31.590000 508.100000 36.110000
672 113 5.990 150.0 31.800000 271.400000 36.290000
673 113 5.990 150.0 32.130000 271.400000 36.550000
674 113 5.990 150.0 4.300000 370.800000 17.300000
677 113 5.990 150.0 4.300000 370.800000 17.300000
678 113 5.990 150.0 4.300000 370.800000 17.300000
681 113 5.990 150.0 4.300000 370.800000 17.300000
683 113 5.990 150.0 8.030000 455.400000 19.170000
684 113 5.990 150.0 29.420000 405.200000 32.800000
685 113 5.990 150.0 25.110000 229.800000 29.650000
686 113 5.990 150.0 40.960000 390.200000 44.540000
687 113 5.990 150.0 39.700000 508.800000 42.260000
688 113 5.990 150.0 54.580000 370.800000 56.480000
689 113 5.990 150.0 81.740000 271.400000 83.590000
690 113 5.990 150.0 0.000000 401.400000 15.200000
691 113 5.990 150.0 1.570000 379.400000 15.940000
692 113 5.990 150.0 11.470000 308.600000 18.490000
693 113 5.990 150.0 32.800000 370.800000 35.860000
694 113 5.990 150.0 26.910000 294.200000 31.060000
695 113 5.990 150.0 30.330000 308.600000 34.990000
696 113 5.990 150.0 26.710000 271.400000 31.930000
697 113 5.990 150.0 24.820000 446.000000 30.370000
698 113 5.990 150.0 38.550000 440.500000 42.340000
699 113 5.990 150.0 36.640000 338.500000 40.610000
700 113 5.990 150.0 38.240000 257.200000 41.220000
701 113 5.990 150.0 37.670000 229.800000 40.360000
702 113 5.990 150.0 33.070000 370.800000 36.110000
703 113 5.990 150.0 47.250000 996.400000 50.390000
704 113 5.990 150.0 31.130000 308.600000 34.340000
705 113 5.990 150.0 6.420000 308.600000 16.320000
706 113 5.990 150.0 2.600000 298.700000 14.730000
707 114 5.270 140.0 4.430000 550.000000 14.020000
708 114 5.270 140.0 13.040000 370.800000 18.620000
709 114 5.270 140.0 16.230000 271.900000 20.980000
710 114 5.270 140.0 23.660000 316.000000 27.140000
711 114 5.270 140.0 20.520000 301.000000 24.450000
712 114 5.270 140.0 24.410000 297.100000 27.800000
713 114 5.270 140.0 21.960000 316.500000 25.670000
714 114 5.270 140.0 7.330000 349.400000 15.190000
715 114 5.270 140.0 18.740000 821.700000 22.980000
716 114 5.270 140.0 6.590000 379.400000 14.840000
717 114 5.270 140.0 41.190000 257.200000 43.290000
718 115 6.220 0.0 17.590000 207.500000 17.920000
719 116 6.540 180.0 17.030000 208.700000 17.370000
720 116 6.540 180.0 27.000000 205.800000 27.210000
721 116 6.540 180.0 18.200000 192.100000 18.520000
722 116 6.540 180.0 18.480000 207.500000 18.790000
723 116 6.540 180.0 0.950000 348.700000 3.530000
724 116 6.540 180.0 22.240000 345.400000 22.500000
725 116 6.540 180.0 11.160000 207.500000 11.670000
726 116 6.540 180.0 25.880000 191.100000 26.110000
727 116 6.540 180.0 5.610000 362.400000 6.560000
728 116 6.540 180.0 13.030000 193.700000 13.470000
729 116 6.540 180.0 23.850000 207.500000 24.100000
730 117 6.770 143.0 36.190000 274.500000 36.680000
731 118 6.930 140.0 41.710000 391.900000 41.880000
732 118 6.930 140.0 43.060000 133.100000 43.230000
733 118 6.930 140.0 52.530000 271.100000 52.680000
734 118 6.930 140.0 52.390000 517.100000 52.530000
735 118 6.930 140.0 41.680000 415.300000 41.860000
736 118 6.930 140.0 40.850000 449.600000 41.030000
737 118 6.930 140.0 24.270000 239.700000 24.570000
738 118 6.930 140.0 70.900000 190.000000 71.000000
739 118 6.930 140.0 19.900000 488.800000 20.260000
742 118 6.930 140.0 61.150000 338.500000 61.710000
743 118 6.930 140.0 66.890000 304.100000 67.520000
744 118 6.930 140.0 50.710000 331.200000 50.990000
745 118 6.930 140.0 71.280000 376.100000 71.390000
746 118 6.930 140.0 53.460000 391.000000 53.600000
747 118 6.930 140.0 68.220000 597.100000 69.380000
749 118 6.930 140.0 78.320000 477.700000 78.410000
750 118 6.930 140.0 79.160000 597.100000 79.250000
751 118 6.930 140.0 35.280000 513.700000 35.490000
752 118 6.930 140.0 8.650000 288.600000 15.230000
753 118 6.930 140.0 0.150000 462.200000 3.850000
754 118 6.930 140.0 20.440000 295.000000 20.800000
756 118 6.930 140.0 58.680000 271.400000 58.800000
757 118 6.930 140.0 35.310000 274.500000 35.520000
758 118 6.930 140.0 76.870000 198.700000 76.970000
759 118 6.930 140.0 43.770000 116.400000 43.940000
760 118 6.930 140.0 45.420000 126.400000 45.580000
761 118 6.930 140.0 39.660000 284.800000 39.850000
762 118 6.930 140.0 39.320000 367.600000 39.510000
763 118 6.930 140.0 9.190000 729.700000 9.960000
764 118 6.930 140.0 10.270000 338.500000 10.970000
765 118 6.930 140.0 8.840000 1428.000000 9.640000
766 118 6.930 140.0 10.380000 270.800000 11.070000
767 118 6.930 140.0 12.230000 349.900000 12.820000
768 118 6.930 140.0 13.810000 221.800000 14.340000
769 118 6.930 140.0 17.920000 663.300000 18.330000
770 118 6.930 140.0 22.360000 333.900000 22.680000
771 118 6.930 140.0 79.710000 641.600000 79.810000
772 118 6.930 140.0 30.250000 281.600000 30.490000
773 118 6.930 140.0 54.010000 370.800000 54.150000
776 118 6.930 140.0 27.670000 370.800000 27.930000
778 118 6.930 140.0 24.520000 215.500000 24.820000
779 118 6.930 140.0 0.000000 477.700000 3.880000
780 118 6.930 140.0 94.560000 169.700000 94.640000
781 118 6.930 140.0 48.240000 712.800000 48.390000
782 118 6.930 140.0 39.690000 684.900000 44.350000
783 118 6.930 140.0 74.160000 248.600000 74.260000
784 118 6.930 140.0 72.090000 306.300000 72.200000
785 118 6.930 140.0 117.020000 338.500000 117.080000
786 118 6.930 140.0 30.560000 209.900000 30.810000
787 118 6.930 140.0 30.620000 425.300000 30.860000
788 118 6.930 140.0 72.900000 895.400000 73.000000
789 118 6.930 140.0 83.370000 1315.900000 83.450000
790 118 6.930 140.0 87.780000 259.900000 87.870000
791 118 6.930 140.0 33.940000 684.900000 34.320000
792 118 6.930 140.0 68.050000 338.500000 68.160000
794 118 6.930 140.0 71.230000 582.900000 71.330000
795 118 6.930 140.0 75.960000 1249.900000 76.050000
796 118 6.930 140.0 77.340000 594.500000 77.430000
797 118 6.930 140.0 74.040000 873.100000 74.140000
799 118 6.930 140.0 58.520000 190.100000 58.650000
800 118 6.930 140.0 28.660000 271.400000 32.780000
801 118 6.930 140.0 14.180000 671.800000 14.690000
802 118 6.930 140.0 7.580000 370.800000 8.500000
803 118 6.930 140.0 8.480000 370.800000 9.310000
804 118 6.930 140.0 63.030000 1020.600000 63.150000
806 118 6.930 140.0 23.920000 267.700000 24.230000
807 118 6.930 140.0 47.410000 400.600000 47.570000
808 118 6.930 140.0 77.320000 155.100000 77.420000
809 118 6.930 140.0 12.150000 714.000000 18.510000
810 118 6.930 140.0 12.040000 714.000000 18.410000
811 118 6.930 140.0 11.030000 376.100000 17.470000
812 118 6.930 140.0 33.870000 454.000000 34.090000
813 118 6.930 140.0 75.070000 659.800000 75.170000
815 119 6.100 -103.0 26.750000 338.600000 29.200000
816 120 6.200 90.0 72.390000 274.500000 72.640000
817 120 6.200 90.0 50.900000 274.500000 51.250000
818 120 6.200 90.0 40.230000 274.500000 40.680000
819 120 6.200 90.0 50.940000 274.500000 51.300000
820 120 6.200 90.0 60.190000 274.500000 60.490000
821 121 6.690 -164.0 0.000000 274.500000 4.380000
822 122 5.300 -94.0 57.670000 659.600000 59.490000
823 122 5.300 -94.0 82.710000 659.600000 83.980000
824 122 5.300 -94.0 103.490000 659.600000 104.520000
825 123 7.010 68.0 0.000000 513.700000 6.960000
826 123 7.010 68.0 40.230000 338.500000 41.970000
827 123 7.010 68.0 15.970000 457.100000 19.950000
828 123 7.010 68.0 0.000000 712.800000 8.180000
829 123 7.010 68.0 7.880000 311.800000 14.330000
830 123 7.010 68.0 26.520000 513.700000 28.780000
831 124 5.700 0.0 45.760000 150.000000 46.030000
832 125 7.280 180.0 69.210000 271.400000 69.270000
833 125 7.280 180.0 144.900000 234.900000 144.930000
834 125 7.280 180.0 137.250000 308.600000 137.280000
835 125 7.280 180.0 135.220000 367.500000 135.260000
836 125 7.280 180.0 87.940000 271.400000 87.990000
837 125 7.280 180.0 131.920000 308.600000 131.950000
838 125 7.280 180.0 34.860000 370.800000 34.990000
839 125 7.280 180.0 154.260000 308.600000 154.290000
840 125 7.280 180.0 144.130000 446.000000 144.160000
841 125 7.280 180.0 89.690000 345.400000 89.740000
842 125 7.280 180.0 137.440000 308.600000 137.470000
843 125 7.280 180.0 150.090000 308.600000 150.120000
844 125 7.280 180.0 157.940000 271.400000 157.970000
845 125 7.280 180.0 190.050000 338.500000 190.080000
846 125 7.280 180.0 172.450000 376.100000 172.470000
847 125 7.280 180.0 161.230000 308.600000 161.260000
848 125 7.280 180.0 19.740000 271.400000 19.970000
849 125 7.280 180.0 128.060000 271.400000 128.100000
850 125 7.280 180.0 21.780000 345.400000 21.980000
851 125 7.280 180.0 157.460000 271.900000 157.490000
852 125 7.280 180.0 126.330000 446.000000 126.360000
853 125 7.280 180.0 135.880000 308.600000 135.920000
854 125 7.280 180.0 121.800000 308.600000 121.830000
855 125 7.280 180.0 62.980000 345.400000 63.060000
856 125 7.280 180.0 146.890000 270.200000 146.920000
857 125 7.280 180.0 148.070000 446.000000 148.100000
858 125 7.280 180.0 122.610000 446.000000 122.650000
859 125 7.280 180.0 136.290000 337.000000 136.320000
860 125 7.280 180.0 68.660000 338.500000 68.720000
861 125 7.280 180.0 156.000000 234.900000 156.030000
862 125 7.280 180.0 54.250000 345.400000 54.340000
863 125 7.280 180.0 167.270000 316.000000 167.300000
864 125 7.280 180.0 11.030000 379.300000 11.430000
865 125 7.280 180.0 164.360000 301.000000 164.390000
867 125 7.280 180.0 153.040000 446.000000 153.070000
868 125 7.280 180.0 148.700000 405.200000 148.730000
869 125 7.280 180.0 159.130000 315.100000 159.160000
870 125 7.280 180.0 151.700000 349.400000 151.730000
871 125 7.280 180.0 161.560000 308.600000 161.590000
872 125 7.280 180.0 160.990000 405.200000 161.020000
873 125 7.280 180.0 163.960000 294.200000 163.990000
874 125 7.280 180.0 160.850000 270.200000 160.880000
875 125 7.280 180.0 148.470000 446.000000 148.500000
876 125 7.280 180.0 143.120000 361.200000 143.150000
877 125 7.280 180.0 132.080000 308.600000 132.120000
878 125 7.280 180.0 157.410000 234.900000 157.440000
879 125 7.280 180.0 2.190000 684.900000 3.710000
880 125 7.280 180.0 26.960000 345.400000 27.120000
881 125 7.280 180.0 17.320000 345.400000 17.580000
882 125 7.280 180.0 26.840000 345.400000 27.010000
883 125 7.280 180.0 172.320000 280.900000 172.350000
884 125 7.280 180.0 36.150000 207.500000 36.270000
885 125 7.280 180.0 117.500000 229.800000 117.540000
886 125 7.280 180.0 94.480000 370.800000 94.530000
887 125 7.280 180.0 96.000000 370.800000 96.050000
888 125 7.280 180.0 79.760000 271.400000 79.820000
889 125 7.280 180.0 141.920000 401.400000 141.950000
890 125 7.280 180.0 150.100000 308.600000 150.130000
891 125 7.280 180.0 50.850000 684.900000 50.940000
892 125 7.280 180.0 163.540000 308.600000 163.570000
893 125 7.280 180.0 158.250000 271.400000 158.280000
894 125 7.280 180.0 151.530000 446.000000 151.560000
895 125 7.280 180.0 175.650000 257.200000 175.680000
896 125 7.280 180.0 136.720000 234.900000 136.750000
897 125 7.280 180.0 41.430000 684.900000 41.540000
898 125 7.280 180.0 132.940000 308.600000 132.970000
899 125 7.280 180.0 132.320000 308.600000 132.350000
900 125 7.280 180.0 23.620000 353.600000 23.800000
901 126 6.460 -10.0 10.150000 338.500000 16.490000
902 126 6.460 -10.0 40.460000 345.400000 42.490000
903 126 6.460 -10.0 111.550000 345.400000 112.310000
904 126 6.460 -10.0 151.500000 234.900000 152.060000
905 126 6.460 -10.0 89.500000 308.600000 90.440000
906 126 6.460 -10.0 55.260000 338.500000 56.770000
907 126 6.460 -10.0 49.420000 345.400000 51.100000
908 126 6.460 -10.0 83.010000 345.400000 84.020000
909 126 6.460 -10.0 78.700000 207.500000 79.760000
910 126 6.460 -10.0 48.330000 379.300000 50.050000
912 126 6.460 -10.0 124.750000 365.200000 125.430000
913 126 6.460 -10.0 131.510000 376.100000 132.150000
914 126 6.460 -10.0 127.080000 376.100000 127.740000
915 126 6.460 -10.0 82.300000 345.400000 83.320000
916 126 6.460 -10.0 105.980000 345.400000 106.770000
917 126 6.460 -10.0 76.510000 338.500000 77.600000
918 126 6.460 -10.0 117.930000 405.200000 118.640000
919 126 6.460 -10.0 127.430000 338.500000 128.090000
920 126 6.460 -10.0 115.550000 265.200000 116.280000
921 126 6.460 -10.0 51.550000 207.500000 53.170000
922 126 6.460 -10.0 102.920000 684.900000 103.740000
923 126 6.460 -10.0 69.550000 308.600000 70.760000
924 126 6.460 -10.0 99.520000 370.800000 100.370000
925 126 6.460 -10.0 69.090000 821.700000 70.310000
926 126 6.460 -10.0 69.520000 390.200000 70.720000
927 126 6.460 -10.0 63.670000 370.800000 64.980000
928 126 6.460 -10.0 70.720000 622.900000 71.910000
929 126 6.460 -10.0 129.760000 324.500000 130.410000
931 126 6.460 -10.0 45.510000 271.400000 47.330000
932 126 6.460 -10.0 51.490000 338.500000 53.110000
933 126 6.460 -10.0 126.220000 370.800000 126.880000
934 126 6.460 -10.0 40.000000 684.900000 42.060000
935 126 6.460 -10.0 38.280000 345.400000 40.420000
936 126 6.460 -10.0 156.970000 257.200000 157.500000
937 126 6.460 -10.0 84.740000 370.800000 85.740000
938 126 6.460 -10.0 67.950000 684.900000 69.180000
939 126 6.460 -10.0 66.770000 345.400000 68.020000
940 126 6.460 -10.0 78.150000 338.500000 79.230000
941 126 6.460 -10.0 77.230000 353.600000 78.310000
942 127 6.690 103.0 35.660000 550.000000 36.770000
943 127 6.690 103.0 65.840000 821.700000 68.930000
944 127 6.690 103.0 66.330000 234.900000 68.620000
945 127 6.690 103.0 37.670000 446.000000 38.000000
946 127 6.690 103.0 46.650000 821.700000 46.910000
947 127 6.690 103.0 39.410000 308.600000 39.730000
948 127 6.690 103.0 41.110000 367.500000 41.410000
949 127 6.690 103.0 3.300000 297.700000 8.660000
950 127 6.690 103.0 47.720000 308.600000 47.980000
951 127 6.690 103.0 41.270000 308.600000 44.110000
952 127 6.690 103.0 12.390000 545.700000 18.360000
953 127 6.690 103.0 9.440000 355.800000 17.150000
954 127 6.690 103.0 19.100000 446.000000 19.740000
955 127 6.690 103.0 64.630000 308.600000 65.430000
956 127 6.690 103.0 59.350000 308.600000 61.960000
957 127 6.690 103.0 15.870000 821.700000 16.880000
958 127 6.690 103.0 34.780000 234.900000 40.340000
959 127 6.690 103.0 0.000000 267.500000 14.700000
960 127 6.690 103.0 11.390000 308.600000 12.440000
961 127 6.690 103.0 46.050000 361.200000 50.380000
962 127 6.690 103.0 45.440000 160.600000 49.810000
963 127 6.690 103.0 20.100000 450.300000 20.720000
964 127 6.690 103.0 42.960000 308.600000 47.040000
965 127 6.690 103.0 57.290000 405.200000 57.510000
966 127 6.690 103.0 53.210000 271.400000 53.450000
967 127 6.690 103.0 45.680000 245.100000 48.870000
968 127 6.690 103.0 43.200000 271.900000 46.740000
969 127 6.690 103.0 48.370000 446.000000 48.630000
970 127 6.690 103.0 44.510000 308.600000 44.790000
971 127 6.690 103.0 36.200000 234.900000 36.550000
972 127 6.690 103.0 82.010000 308.600000 82.320000
973 127 6.690 103.0 63.730000 234.900000 66.640000
974 127 6.690 103.0 21.640000 446.000000 22.210000
975 127 6.690 103.0 53.710000 446.000000 53.940000
976 127 6.690 103.0 56.550000 337.000000 57.020000
977 127 6.690 103.0 144.620000 338.500000 144.710000
978 127 6.690 103.0 17.820000 234.900000 23.070000
979 127 6.690 103.0 66.430000 234.900000 69.500000
980 127 6.690 103.0 74.700000 370.800000 77.450000
981 127 6.690 103.0 37.180000 316.000000 42.200000
983 127 6.690 103.0 0.000000 525.800000 5.430000
984 127 6.690 103.0 36.390000 301.000000 41.170000
985 127 6.690 103.0 23.510000 297.100000 29.880000
986 127 6.690 103.0 12.920000 416.600000 22.500000
987 127 6.690 103.0 20.360000 234.900000 28.300000
988 127 6.690 103.0 15.540000 278.000000 23.410000
989 127 6.690 103.0 9.870000 740.100000 20.450000
990 127 6.690 103.0 35.030000 365.200000 36.620000
991 127 6.690 103.0 28.980000 446.000000 30.700000
993 127 6.690 103.0 25.660000 446.000000 27.260000
994 127 6.690 103.0 21.200000 1015.900000 23.770000
995 127 6.690 103.0 19.730000 316.500000 24.030000
996 127 6.690 103.0 12.420000 255.000000 20.810000
997 127 6.690 103.0 30.190000 405.200000 31.160000
998 127 6.690 103.0 23.400000 315.100000 26.730000
999 127 6.690 103.0 35.430000 349.400000 37.360000
1000 127 6.690 103.0 27.820000 270.200000 31.330000
1001 127 6.690 103.0 29.520000 308.600000 33.990000
1003 127 6.690 103.0 21.170000 308.700000 27.010000
1004 127 6.690 103.0 0.000000 380.100000 8.440000
1005 127 6.690 103.0 28.820000 376.100000 31.480000
1006 127 6.690 103.0 13.800000 398.400000 22.490000
1007 127 6.690 103.0 32.390000 376.100000 34.200000
1008 127 6.690 103.0 25.600000 405.200000 29.740000
1009 127 6.690 103.0 14.550000 392.200000 23.600000
1010 127 6.690 103.0 14.550000 413.800000 23.600000
1011 127 6.690 103.0 15.110000 1222.500000 20.300000
1012 127 6.690 103.0 9.870000 706.200000 19.070000
1014 127 6.690 103.0 53.940000 381.200000 57.680000
1015 127 6.690 103.0 47.790000 405.200000 51.890000
1016 127 6.690 103.0 17.810000 446.000000 18.500000
1017 127 6.690 103.0 58.320000 361.200000 59.620000
1018 127 6.690 103.0 56.360000 308.600000 56.590000
1019 127 6.690 103.0 35.460000 425.300000 35.810000
1020 127 6.690 103.0 20.770000 602.100000 21.360000
1021 127 6.690 103.0 31.270000 821.700000 31.660000
1022 127 6.690 103.0 31.300000 554.000000 31.690000
1023 127 6.690 103.0 24.860000 670.800000 25.360000
1024 127 6.690 103.0 53.570000 234.900000 56.920000
1025 127 6.690 103.0 51.880000 271.400000 52.120000
1026 127 6.690 103.0 34.310000 361.200000 39.910000
1027 127 6.690 103.0 36.860000 684.900000 37.190000
1028 127 6.690 103.0 36.900000 446.000000 37.240000
1029 127 6.690 103.0 37.000000 684.900000 37.330000
1030 127 6.690 103.0 37.230000 446.000000 37.570000
1031 127 6.690 103.0 37.470000 446.000000 37.800000
1032 127 6.690 103.0 37.700000 327.400000 38.030000
1033 127 6.690 103.0 46.310000 821.700000 46.580000
1034 127 6.690 103.0 26.770000 349.500000 33.670000
1035 127 6.690 103.0 33.560000 405.200000 39.290000
1036 127 6.690 103.0 85.280000 308.600000 85.430000
1037 127 6.690 103.0 75.640000 338.500000 75.800000
1038 127 6.690 103.0 43.220000 405.200000 45.030000
1039 127 6.690 103.0 16.920000 405.200000 24.760000
1040 127 6.690 103.0 71.300000 338.500000 71.470000
1041 127 6.690 103.0 35.530000 821.700000 35.880000
1042 127 6.690 103.0 7.890000 446.000000 12.510000
1043 127 6.690 103.0 51.610000 308.600000 51.850000
1044 127 6.690 103.0 3.160000 269.100000 5.920000
1045 127 6.690 103.0 2.110000 285.900000 5.480000
1046 127 6.690 103.0 83.010000 405.200000 85.490000
1047 127 6.690 103.0 82.030000 370.800000 84.540000
1048 127 6.690 103.0 0.000000 280.900000 12.090000
1049 127 6.690 103.0 13.340000 446.000000 24.080000
1050 127 6.690 103.0 4.920000 2016.100000 7.010000
1052 127 6.690 103.0 5.260000 508.100000 7.260000
1053 127 6.690 103.0 41.370000 551.600000 41.670000
1054 127 6.690 103.0 5.540000 345.400000 7.460000
1055 127 6.690 103.0 35.770000 455.400000 36.120000
1056 127 6.690 103.0 85.750000 308.600000 85.900000
1057 127 6.690 103.0 24.420000 405.200000 31.740000
1058 127 6.690 103.0 36.610000 376.100000 41.930000
1059 127 6.690 103.0 47.580000 271.400000 51.790000
1060 127 6.690 103.0 79.830000 821.700000 79.990000
1061 127 6.690 103.0 48.020000 477.700000 52.180000
1062 127 6.690 103.0 50.470000 508.800000 54.450000
1063 127 6.690 103.0 0.000000 282.300000 6.500000
1064 127 6.690 103.0 98.830000 370.800000 98.960000
1065 127 6.690 103.0 44.890000 376.100000 49.320000
1066 127 6.690 103.0 64.600000 345.400000 64.800000
1067 127 6.690 103.0 103.040000 345.400000 103.160000
1068 127 6.690 103.0 107.590000 271.400000 107.700000
1069 127 6.690 103.0 108.180000 271.400000 108.290000
1070 127 6.690 103.0 38.860000 401.400000 39.310000
1071 127 6.690 103.0 147.470000 271.400000 147.550000
1072 127 6.690 103.0 34.550000 379.400000 35.020000
1073 127 6.690 103.0 53.240000 376.100000 57.030000
1074 127 6.690 103.0 41.260000 821.700000 41.560000
1075 127 6.690 103.0 107.200000 338.500000 109.130000
1076 127 6.690 103.0 48.060000 308.600000 50.220000
1077 127 6.690 103.0 17.280000 336.200000 26.450000
1078 127 6.690 103.0 1.690000 715.100000 16.740000
1079 127 6.690 103.0 61.460000 370.800000 64.760000
1080 127 6.690 103.0 0.000000 557.400000 13.420000
1082 127 6.690 103.0 5.590000 308.600000 10.050000
1083 127 6.690 103.0 12.380000 446.000000 13.350000
1084 127 6.690 103.0 0.000000 251.200000 5.350000
1085 127 6.690 103.0 0.000000 370.500000 5.190000
1086 127 6.690 103.0 1.740000 440.500000 5.300000
1087 127 6.690 103.0 0.370000 257.200000 15.600000
1088 127 6.690 103.0 53.430000 229.800000 57.200000
1089 127 6.690 103.0 10.310000 376.100000 22.280000
1090 127 6.690 103.0 81.660000 234.900000 83.720000
1091 127 6.690 103.0 23.100000 996.400000 23.640000
1092 127 6.690 103.0 54.280000 271.400000 58.000000
1093 127 6.690 103.0 76.380000 308.600000 77.560000
1094 127 6.690 103.0 51.460000 308.600000 51.710000
1095 127 6.690 103.0 48.360000 376.100000 49.100000
1096 127 6.690 103.0 64.460000 821.700000 64.660000
1097 127 6.690 103.0 81.540000 345.400000 81.690000
1098 127 6.690 103.0 71.510000 338.500000 71.690000
1099 128 5.900 -25.0 12.480000 345.400000 12.840000
1107 129 6.900 180.0 22.500000 312.000000 23.180000
1111 129 6.900 180.0 7.080000 609.000000 8.120000
1116 129 6.900 180.0 19.140000 256.000000 19.620000
1119 129 6.900 180.0 0.000000 312.000000 3.000000
1120 129 6.900 180.0 1.460000 256.000000 3.450000
1123 130 6.400 -95.0 72.820000 659.600000 74.060000
1124 130 6.400 -95.0 79.330000 338.600000 79.600000
1126 130 6.400 -95.0 14.130000 659.600000 19.540000
1129 131 5.100 -118.0 12.930000 338.600000 15.590000
1130 131 5.100 -118.0 81.090000 338.600000 81.550000
1131 132 5.300 -90.0 10.830000 338.600000 12.100000
1132 132 5.300 -90.0 82.650000 338.600000 82.820000
1133 133 5.100 -56.0 84.110000 338.600000 84.390000
1135 133 5.100 -56.0 11.850000 338.600000 13.660000
1136 134 6.400 -94.0 255.440000 338.600000 255.540000
1139 134 6.400 -94.0 43.130000 338.600000 44.150000
1141 134 6.400 -94.0 0.000000 219.800000 3.470000
1142 134 6.400 -94.0 250.310000 659.600000 250.490000
1147 136 7.510 180.0 68.090000 175.000000 69.620000
1148 136 7.510 180.0 10.560000 523.000000 13.520000
1151 136 7.510 180.0 180.240000 338.600000 180.550000
1153 136 7.510 180.0 126.040000 274.500000 127.050000
1155 136 7.510 180.0 60.430000 274.500000 60.910000
1157 136 7.510 180.0 64.950000 346.000000 66.690000
1158 136 7.510 180.0 13.600000 276.000000 15.430000
1160 136 7.510 180.0 53.340000 338.600000 55.480000
1163 136 7.510 180.0 58.330000 424.800000 60.050000
1165 136 7.510 180.0 3.620000 811.000000 7.400000
1166 136 7.510 180.0 30.740000 274.500000 31.410000
1176 136 7.510 180.0 1.380000 297.000000 5.310000
1180 137 7.620 55.0 24.980000 235.100000 30.240000
1181 137 7.620 55.0 47.340000 271.300000 51.620000
1182 137 7.620 55.0 9.770000 438.200000 13.230000
1183 137 7.620 55.0 40.440000 210.700000 43.570000
1184 137 7.620 55.0 19.930000 473.900000 20.340000
1185 137 7.620 55.0 59.050000 198.400000 61.260000
1186 137 7.620 55.0 33.190000 473.900000 34.180000
1187 137 7.620 55.0 38.140000 228.700000 38.920000
1188 137 7.620 55.0 66.650000 200.900000 68.080000
1189 137 7.620 55.0 59.090000 190.600000 59.830000
1190 137 7.620 55.0 49.980000 473.900000 50.530000
1191 137 7.620 55.0 63.210000 473.900000 64.150000
1192 137 7.620 55.0 81.070000 279.800000 81.280000
1193 137 7.620 55.0 9.640000 427.700000 14.390000
1194 137 7.620 55.0 19.090000 277.500000 23.710000
1195 137 7.620 55.0 29.530000 226.000000 34.100000
1196 137 7.620 55.0 42.000000 210.000000 47.120000
1197 137 7.620 55.0 3.140000 542.600000 8.720000
1198 137 7.620 55.0 10.970000 544.700000 15.540000
1199 137 7.620 55.0 35.440000 192.700000 39.520000
1200 137 7.620 55.0 43.830000 197.600000 47.620000
1201 137 7.620 55.0 14.820000 378.800000 16.330000
1202 137 7.620 55.0 12.600000 473.900000 13.260000
1203 137 7.620 55.0 16.060000 233.100000 20.440000
1204 137 7.620 55.0 31.880000 201.200000 35.180000
1205 137 7.620 55.0 19.370000 492.300000 19.830000
1206 137 7.620 55.0 27.470000 553.400000 28.170000
1207 137 7.620 55.0 55.140000 194.500000 57.710000
1208 137 7.620 55.0 24.110000 442.200000 25.880000
1209 137 7.620 55.0 24.140000 272.600000 26.390000
1210 137 7.620 55.0 44.740000 473.900000 44.920000
1211 137 7.620 55.0 38.700000 473.900000 39.020000
1212 137 7.620 55.0 48.490000 172.100000 49.640000
1213 137 7.620 55.0 54.310000 225.800000 55.420000
1214 137 7.620 55.0 56.670000 411.500000 56.930000
1215 137 7.620 55.0 59.790000 272.600000 59.960000
1216 137 7.620 55.0 73.270000 191.100000 74.710000
1217 137 7.620 55.0 68.860000 228.900000 69.260000
1218 137 7.620 55.0 57.510000 473.900000 58.750000
1219 137 7.620 55.0 56.930000 602.600000 57.500000
1220 137 7.620 55.0 71.940000 246.900000 72.230000
1221 137 7.620 55.0 82.780000 272.600000 83.430000
1222 137 7.620 55.0 89.380000 212.000000 89.480000
1223 137 7.620 55.0 83.560000 228.000000 83.700000
1224 137 7.620 55.0 86.010000 215.000000 86.100000
1225 137 7.620 55.0 83.540000 272.600000 83.610000
1226 137 7.620 55.0 78.740000 215.000000 79.260000
1227 137 7.620 55.0 0.700000 553.400000 10.800000
1228 137 7.620 55.0 42.160000 169.800000 46.710000
1229 137 7.620 55.0 77.190000 160.700000 77.300000
1230 137 7.620 55.0 46.590000 473.900000 47.530000
1231 137 7.620 55.0 0.110000 553.400000 3.010000
1232 137 7.620 55.0 41.360000 473.900000 41.670000
1233 137 7.620 55.0 36.110000 193.700000 41.200000
1234 137 7.620 55.0 27.570000 553.400000 28.420000
1235 137 7.620 55.0 28.790000 505.200000 28.940000
1236 137 7.620 55.0 37.480000 272.600000 37.920000
1237 137 7.620 55.0 58.430000 215.000000 59.850000
1238 137 7.620 55.0 22.700000 253.700000 27.300000
1239 137 7.620 55.0 49.830000 190.500000 54.430000
1240 137 7.620 55.0 37.120000 221.900000 42.390000
1241 137 7.620 55.0 82.200000 272.600000 82.260000
1242 137 7.620 55.0 65.280000 228.800000 65.490000
1243 137 7.620 55.0 53.460000 230.100000 53.760000
1244 137 7.620 55.0 9.960000 258.900000 15.440000
1245 137 7.620 55.0 36.060000 553.400000 37.720000
1246 137 7.620 55.0 18.040000 223.200000 23.200000
1247 137 7.620 55.0 50.620000 175.700000 51.830000
1248 137 7.620 55.0 40.370000 473.900000 41.030000
1250 137 7.620 55.0 81.310000 215.000000 82.170000
1251 137 7.620 55.0 63.820000 553.400000 66.880000
1252 137 7.620 55.0 39.800000 553.400000 44.540000
1253 137 7.620 55.0 161.620000 204.200000 162.860000
1255 137 7.620 55.0 51.870000 272.600000 55.590000
1256 137 7.620 55.0 53.300000 473.900000 56.930000
1257 137 7.620 55.0 52.460000 1525.900000 56.140000
1258 137 7.620 55.0 43.170000 272.600000 47.580000
1259 137 7.620 55.0 43.480000 272.600000 47.860000
1260 137 7.620 55.0 52.620000 272.600000 56.300000
1261 137 7.620 55.0 52.370000 272.600000 56.060000
1262 137 7.620 55.0 49.290000 272.600000 53.190000
1263 137 7.620 55.0 53.000000 272.600000 56.650000
1264 137 7.620 55.0 50.510000 272.600000 54.320000
1265 137 7.620 55.0 51.490000 272.600000 55.240000
1266 137 7.620 55.0 47.040000 272.600000 51.120000
1267 137 7.620 55.0 48.190000 272.600000 52.180000
1268 137 7.620 55.0 47.040000 272.600000 51.110000
1269 137 7.620 55.0 51.870000 272.600000 55.590000
1270 137 7.620 55.0 39.800000 375.300000 44.540000
1271 137 7.620 55.0 58.760000 473.900000 62.070000
1272 137 7.620 55.0 47.080000 553.400000 51.150000
1273 137 7.620 55.0 38.230000 553.400000 43.150000
1274 137 7.620 55.0 49.930000 473.900000 53.790000
1275 137 7.620 55.0 47.960000 457.500000 51.960000
1276 137 7.620 55.0 47.580000 272.600000 51.620000
1277 137 7.620 55.0 49.990000 272.600000 53.840000
1278 137 7.620 55.0 50.470000 614.100000 54.290000
1279 137 7.620 55.0 42.470000 272.600000 46.950000
1280 137 7.620 55.0 47.410000 473.900000 51.460000
1281 137 7.620 55.0 42.700000 473.900000 47.160000
1282 137 7.620 55.0 49.310000 395.600000 53.210000
1283 137 7.620 55.0 39.550000 379.200000 44.320000
1284 137 7.620 55.0 44.020000 473.900000 48.350000
1285 137 7.620 55.0 38.970000 272.600000 43.800000
1286 137 7.620 55.0 41.650000 272.600000 46.200000
1287 137 7.620 55.0 37.540000 642.700000 42.540000
1288 137 7.620 55.0 41.300000 375.300000 45.890000
1289 137 7.620 55.0 43.370000 272.600000 47.760000
1290 137 7.620 55.0 54.490000 272.600000 58.050000
1291 137 7.620 55.0 54.680000 473.900000 58.220000
1292 137 7.620 55.0 60.200000 375.300000 63.430000
1293 137 7.620 55.0 47.790000 617.500000 51.800000
1294 137 7.620 55.0 47.360000 272.600000 51.410000
1295 137 7.620 55.0 46.650000 272.600000 50.760000
1296 137 7.620 55.0 49.370000 272.600000 53.270000
1297 137 7.620 55.0 49.690000 272.600000 53.560000
1300 137 7.620 55.0 43.040000 272.600000 47.460000
1301 137 7.620 55.0 35.900000 511.300000 41.100000
1302 137 7.620 55.0 46.480000 553.400000 50.600000
1303 137 7.620 55.0 41.170000 553.400000 45.770000
1304 137 7.620 55.0 44.890000 473.900000 49.150000
1305 137 7.620 55.0 53.920000 473.900000 57.510000
1307 137 7.620 55.0 101.240000 473.900000 103.200000
1308 137 7.620 55.0 95.510000 272.600000 97.580000
1309 137 7.620 55.0 90.630000 263.800000 92.810000
1310 137 7.620 55.0 86.610000 124.300000 88.890000
1311 137 7.620 55.0 84.880000 239.300000 87.200000
1312 137 7.620 55.0 82.690000 279.400000 85.070000
1313 137 7.620 55.0 81.660000 473.900000 84.070000
1314 137 7.620 55.0 82.410000 272.600000 84.800000
1315 137 7.620 55.0 77.640000 473.900000 80.180000
1316 137 7.620 55.0 85.880000 272.600000 88.180000
1317 137 7.620 55.0 81.710000 215.000000 84.120000
1318 137 7.620 55.0 78.150000 300.800000 80.670000
1319 137 7.620 55.0 83.020000 553.400000 85.400000
1320 137 7.620 55.0 79.900000 271.100000 82.360000
1321 137 7.620 55.0 74.260000 473.900000 76.900000
1322 137 7.620 55.0 64.790000 553.400000 67.810000
1323 137 7.620 55.0 80.790000 215.000000 83.230000
1324 137 7.620 55.0 83.250000 201.000000 85.620000
1325 137 7.620 55.0 80.880000 649.300000 83.310000
1326 137 7.620 55.0 81.810000 295.500000 84.220000
1327 137 7.620 55.0 91.270000 272.600000 93.430000
1328 137 7.620 55.0 87.730000 272.600000 89.980000
1329 137 7.620 55.0 81.700000 210.200000 84.110000
1330 137 7.620 55.0 83.760000 227.200000 86.110000
1331 137 7.620 55.0 85.660000 196.900000 87.970000
1332 137 7.620 55.0 83.320000 209.400000 85.680000
1333 137 7.620 55.0 74.530000 473.900000 77.170000
1334 137 7.620 55.0 78.010000 158.100000 80.530000
1335 137 7.620 55.0 77.070000 396.900000 79.620000
1336 137 7.620 55.0 86.680000 199.600000 88.950000
1337 137 7.620 55.0 85.670000 215.000000 87.980000
1338 137 7.620 55.0 63.820000 473.900000 66.880000
1339 137 7.620 55.0 76.450000 473.900000 79.030000
1340 137 7.620 55.0 82.740000 553.400000 85.130000
1341 137 7.620 55.0 114.280000 473.900000 116.010000
1342 137 7.620 55.0 88.050000 266.800000 90.300000
1343 137 7.620 55.0 89.840000 223.700000 92.040000
1344 137 7.620 55.0 83.980000 236.800000 86.330000
1345 137 7.620 55.0 75.960000 375.300000 78.550000
1346 137 7.620 55.0 70.430000 375.300000 73.220000
1347 137 7.620 55.0 57.690000 996.500000 61.060000
1348 137 7.620 55.0 69.510000 375.300000 72.330000
1349 137 7.620 55.0 67.440000 375.300000 70.350000
1350 137 7.620 55.0 33.280000 553.400000 38.820000
1351 137 7.620 55.0 42.480000 473.900000 44.930000
1352 137 7.620 55.0 113.390000 913.800000 114.440000
1353 137 7.620 55.0 113.370000 218.500000 114.920000
1354 137 7.620 55.0 105.920000 272.600000 107.570000
1355 137 7.620 55.0 107.020000 285.900000 108.750000
1356 137 7.620 55.0 97.500000 215.000000 98.160000
1357 137 7.620 55.0 101.230000 155.300000 101.850000
1358 137 7.620 55.0 83.710000 473.900000 84.610000
1359 137 7.620 55.0 106.510000 272.600000 107.970000
1360 137 7.620 55.0 76.700000 473.900000 78.410000
1361 137 7.620 55.0 72.170000 373.300000 74.480000
1362 137 7.620 55.0 96.840000 215.000000 98.880000
1363 137 7.620 55.0 100.120000 215.000000 102.090000
1364 137 7.620 55.0 111.020000 215.000000 112.810000
1365 137 7.620 55.0 119.310000 215.000000 120.970000
1367 137 7.620 55.0 135.000000 283.200000 136.470000
1368 137 7.620 55.0 141.790000 473.900000 143.200000
1373 137 7.620 55.0 119.960000 221.200000 121.610000
1374 137 7.620 55.0 161.620000 204.200000 162.860000
1375 137 7.620 55.0 52.890000 473.900000 54.950000
1376 137 7.620 55.0 91.460000 272.600000 93.610000
1377 137 7.620 55.0 35.680000 553.400000 40.490000
1380 137 7.620 55.0 27.370000 473.900000 30.850000
1381 137 7.620 55.0 112.480000 473.900000 113.540000
1382 137 7.620 55.0 107.770000 215.000000 109.170000
1383 137 7.620 55.0 112.230000 215.000000 113.460000
1384 137 7.620 55.0 92.780000 215.000000 92.830000
1385 137 7.620 55.0 100.040000 215.000000 100.510000
1386 137 7.620 55.0 99.140000 215.000000 100.380000
1387 137 7.620 55.0 67.820000 473.900000 70.710000
1388 137 7.620 55.0 108.840000 215.000000 110.670000
1389 137 7.620 55.0 103.680000 215.000000 105.590000
1390 137 7.620 55.0 114.840000 215.000000 116.570000
1391 137 7.620 55.0 80.510000 553.400000 82.960000
1392 137 7.620 55.0 86.720000 531.900000 88.990000
1393 137 7.620 55.0 161.200000 272.600000 162.430000
1394 137 7.620 55.0 168.720000 473.900000 169.900000
1395 137 7.620 55.0 109.140000 215.000000 110.950000
1396 137 7.620 55.0 85.950000 260.800000 86.540000
1397 137 7.620 55.0 95.870000 215.000000 96.590000
1398 137 7.620 55.0 111.670000 276.100000 113.130000
1399 137 7.620 55.0 108.910000 215.000000 110.220000
1400 137 7.620 55.0 80.290000 473.900000 80.440000
1409 137 7.620 55.0 98.300000 215.000000 100.030000
1410 137 7.620 55.0 101.270000 212.400000 102.390000
1411 137 7.620 55.0 105.450000 215.000000 106.870000
1412 137 7.620 55.0 104.170000 184.800000 105.660000
1413 137 7.620 55.0 102.160000 215.000000 103.730000
1414 137 7.620 55.0 102.840000 215.000000 104.520000
1415 137 7.620 55.0 99.890000 226.400000 101.330000
1416 137 7.620 55.0 100.110000 215.000000 101.760000
1417 137 7.620 55.0 100.840000 215.000000 102.590000
1418 137 7.620 55.0 101.630000 215.000000 103.450000
1419 137 7.620 55.0 97.690000 215.000000 98.930000
1420 137 7.620 55.0 98.980000 215.000000 100.800000
1421 137 7.620 55.0 99.540000 215.000000 101.430000
1422 137 7.620 55.0 94.870000 195.000000 96.390000
1423 137 7.620 55.0 95.850000 215.000000 97.640000
1424 137 7.620 55.0 94.730000 272.600000 96.600000
1425 137 7.620 55.0 93.150000 473.900000 94.840000
1426 137 7.620 55.0 90.590000 473.900000 92.730000
1427 137 7.620 55.0 87.670000 438.100000 89.910000
1428 137 7.620 55.0 86.160000 553.400000 88.450000
1429 137 7.620 55.0 110.280000 272.600000 110.900000
1430 137 7.620 55.0 105.490000 272.600000 106.480000
1431 137 7.620 55.0 89.960000 272.600000 91.190000
1432 137 7.620 55.0 116.640000 473.900000 118.340000
1433 137 7.620 55.0 83.570000 272.600000 84.460000
1434 137 7.620 55.0 107.280000 473.900000 108.100000
1435 137 7.620 55.0 102.460000 403.200000 103.460000
1436 137 7.620 55.0 98.510000 473.900000 99.240000
1437 137 7.620 55.0 90.340000 473.900000 92.420000
1438 137 7.620 55.0 117.610000 553.400000 119.300000
1439 137 7.620 55.0 119.490000 553.400000 121.150000
1440 137 7.620 55.0 120.840000 1023.500000 122.480000
1442 137 7.620 55.0 95.310000 553.400000 97.390000
1443 137 7.620 55.0 121.940000 553.400000 123.570000
1444 137 7.620 55.0 99.760000 553.400000 101.740000
1445 137 7.620 55.0 107.420000 553.400000 109.270000
1446 137 7.620 55.0 117.310000 1022.800000 119.000000
1447 137 7.620 55.0 118.300000 553.400000 119.970000
1448 137 7.620 55.0 117.670000 553.400000 119.360000
1449 137 7.620 55.0 122.240000 553.400000 123.860000
1451 137 7.620 55.0 122.140000 224.200000 123.710000
1452 137 7.620 55.0 92.010000 473.900000 94.160000
1453 137 7.620 55.0 101.700000 473.900000 102.560000
1454 137 7.620 55.0 103.650000 324.400000 105.560000
1455 137 7.620 55.0 107.880000 375.300000 108.960000
1456 137 7.620 55.0 107.810000 215.000000 109.010000
1457 137 7.620 55.0 97.270000 215.000000 99.170000
1458 137 7.620 55.0 106.110000 473.900000 107.750000
1459 137 7.620 55.0 98.330000 215.000000 100.130000
1463 137 7.620 55.0 86.570000 517.300000 86.690000
1464 137 7.620 55.0 72.520000 473.900000 72.610000
1465 137 7.620 55.0 87.630000 473.900000 88.200000
1466 137 7.620 55.0 84.950000 473.900000 85.090000
1468 137 7.620 55.0 82.230000 473.900000 82.290000
1470 137 7.620 55.0 92.260000 272.600000 92.700000
1471 137 7.620 55.0 49.810000 426.000000 50.850000
1472 137 7.620 55.0 54.280000 558.800000 54.660000
1473 137 7.620 55.0 66.250000 473.900000 66.510000
1475 137 7.620 55.0 56.030000 473.900000 56.120000
1476 137 7.620 55.0 28.050000 473.900000 31.600000
1477 137 7.620 55.0 30.180000 489.200000 34.230000
1478 137 7.620 55.0 40.890000 423.400000 42.660000
1479 137 7.620 55.0 35.690000 393.800000 37.540000
1480 137 7.620 55.0 19.840000 272.600000 24.180000
1481 137 7.620 55.0 25.440000 272.600000 29.900000
1482 137 7.620 55.0 19.900000 540.700000 23.410000
1483 137 7.620 55.0 22.080000 362.000000 27.060000
1484 137 7.620 55.0 26.320000 272.600000 29.060000
1486 137 7.620 55.0 16.740000 465.600000 18.800000
1488 137 7.620 55.0 13.550000 551.200000 18.960000
1489 137 7.620 55.0 3.780000 487.300000 9.450000
1490 137 7.620 55.0 9.510000 272.600000 14.990000
1491 137 7.620 55.0 7.660000 272.600000 13.180000
1492 137 7.620 55.0 0.000000 579.100000 5.000000
1493 137 7.620 55.0 5.970000 454.600000 11.550000
1494 137 7.620 55.0 5.300000 460.700000 10.900000
1495 137 7.620 55.0 6.360000 272.600000 11.920000
1496 137 7.620 55.0 10.500000 272.600000 15.960000
1497 137 7.620 55.0 11.840000 473.900000 17.280000
1498 137 7.620 55.0 17.130000 272.600000 22.900000
1499 137 7.620 55.0 8.530000 272.600000 14.080000
1500 137 7.620 55.0 17.190000 272.600000 22.960000
1501 137 7.620 55.0 9.800000 476.100000 15.660000
1502 137 7.620 55.0 16.620000 272.600000 22.440000
1503 137 7.620 55.0 0.590000 305.900000 6.720000
1504 137 7.620 55.0 0.640000 433.600000 6.540000
1505 137 7.620 55.0 0.000000 487.300000 5.620000
1506 137 7.620 55.0 19.020000 401.300000 24.380000
1507 137 7.620 55.0 0.000000 624.900000 5.140000
1508 137 7.620 55.0 0.000000 468.100000 6.530000
1509 137 7.620 55.0 0.000000 549.400000 13.370000
1510 137 7.620 55.0 0.910000 573.000000 6.780000
1511 137 7.620 55.0 2.760000 615.000000 7.130000
1512 137 7.620 55.0 0.000000 443.000000 8.200000
1513 137 7.620 55.0 0.000000 364.000000 10.960000
1515 137 7.620 55.0 5.180000 472.800000 10.780000
1516 137 7.620 55.0 80.180000 473.900000 80.320000
1517 137 7.620 55.0 0.000000 553.400000 11.240000
1518 137 7.620 55.0 55.140000 999.700000 58.090000
1519 137 7.620 55.0 7.000000 473.900000 10.970000
1520 137 7.620 55.0 4.670000 553.400000 18.160000
1521 137 7.620 55.0 0.000000 553.400000 8.880000
1522 137 7.620 55.0 87.670000 473.900000 88.070000
1523 137 7.620 55.0 54.500000 589.900000 54.600000
1525 137 7.620 55.0 54.460000 473.900000 55.350000
1526 137 7.620 55.0 47.670000 375.300000 49.060000
1527 137 7.620 55.0 11.390000 473.900000 16.840000
1528 137 7.620 55.0 2.130000 272.600000 8.340000
1529 137 7.620 55.0 1.510000 714.300000 7.740000
1530 137 7.620 55.0 6.100000 494.100000 12.090000
1531 137 7.620 55.0 12.890000 473.900000 18.580000
1532 137 7.620 55.0 17.180000 575.500000 22.700000
1533 137 7.620 55.0 14.990000 473.900000 20.560000
1534 137 7.620 55.0 16.010000 473.900000 21.440000
1535 137 7.620 55.0 13.080000 473.900000 18.720000
1536 137 7.620 55.0 11.600000 212.700000 17.000000
1537 137 7.620 55.0 22.140000 237.500000 27.750000
1538 137 7.620 55.0 27.500000 215.000000 32.810000
1539 137 7.620 55.0 31.070000 230.300000 35.560000
1540 137 7.620 55.0 21.780000 215.300000 26.990000
1541 137 7.620 55.0 12.400000 493.100000 17.100000
1542 137 7.620 55.0 25.440000 198.600000 31.080000
1543 137 7.620 55.0 26.840000 215.000000 32.160000
1544 137 7.620 55.0 37.950000 215.000000 42.790000
1545 137 7.620 55.0 7.410000 459.300000 12.940000
1546 137 7.620 55.0 9.350000 475.500000 14.110000
1547 137 7.620 55.0 14.930000 272.600000 20.330000
1548 137 7.620 55.0 13.150000 599.600000 17.860000
1550 137 7.620 55.0 8.290000 473.900000 14.250000
1551 137 7.620 55.0 9.790000 652.900000 14.250000
1552 137 7.620 55.0 32.970000 215.000000 38.070000
1553 137 7.620 55.0 24.210000 215.000000 28.800000
1554 137 7.620 55.0 35.340000 215.000000 40.580000
1555 137 7.620 55.0 70.610000 537.900000 71.270000
1557 137 7.620 55.0 52.900000 272.600000 56.560000
1558 137 7.620 55.0 65.740000 473.900000 68.710000
1559 137 7.620 55.0 92.860000 272.600000 94.990000
1560 137 7.620 55.0 63.810000 272.600000 66.870000
1561 137 7.620 55.0 80.390000 473.900000 82.840000
1562 137 7.620 55.0 78.730000 272.600000 81.230000
1563 137 7.620 55.0 79.620000 272.600000 82.100000
1564 137 7.620 55.0 80.380000 272.600000 82.830000
1565 137 7.620 55.0 81.360000 272.600000 83.780000
1566 137 7.620 55.0 81.460000 272.600000 83.880000
1567 137 7.620 55.0 79.180000 272.600000 81.670000
1568 137 7.620 55.0 78.860000 272.600000 81.350000
1569 137 7.620 55.0 60.300000 272.600000 63.530000
1570 137 7.620 55.0 80.880000 272.600000 83.310000
1572 137 7.620 55.0 71.720000 473.900000 74.450000
1573 137 7.620 55.0 46.570000 272.600000 50.690000
1574 137 7.620 55.0 49.440000 272.600000 53.340000
1575 137 7.620 55.0 50.470000 527.500000 54.290000
1576 137 7.620 55.0 56.580000 553.400000 60.010000
1577 137 7.620 55.0 62.670000 705.000000 65.790000
1578 137 7.620 55.0 67.420000 473.900000 70.330000
1579 137 7.620 55.0 73.450000 375.300000 76.130000
1580 137 7.620 55.0 75.890000 473.900000 78.480000
1581 137 7.620 55.0 52.630000 272.600000 56.300000
1582 137 7.620 55.0 54.070000 473.900000 57.650000
1583 137 7.620 55.0 55.960000 272.600000 59.430000
1584 137 7.620 55.0 77.460000 473.900000 80.000000
1585 137 7.620 55.0 43.990000 728.000000 48.330000
1586 137 7.620 55.0 40.700000 418.200000 45.350000
1587 137 7.620 55.0 62.110000 845.300000 65.250000
1588 137 7.620 55.0 55.470000 473.900000 58.970000
1589 137 7.620 55.0 57.790000 272.600000 61.160000
1590 137 7.620 55.0 62.790000 473.900000 65.900000
1592 137 7.620 55.0 77.140000 272.600000 79.690000
1593 137 7.620 55.0 87.010000 473.900000 89.280000
1594 137 7.620 55.0 30.770000 553.400000 36.700000
1599 138 7.140 -178.0 187.990000 175.000000 188.700000
1600 138 7.140 -178.0 131.170000 523.000000 131.450000
1602 138 7.140 -178.0 12.020000 326.000000 12.410000
1603 138 7.140 -178.0 166.070000 274.500000 166.540000
1604 138 7.140 -178.0 182.780000 346.000000 183.590000
1605 138 7.140 -178.0 0.000000 276.000000 6.590000
1606 138 7.140 -178.0 167.290000 338.600000 168.210000
1608 138 7.140 -178.0 177.280000 424.800000 178.030000
1609 138 7.140 -178.0 168.460000 338.600000 169.280000
1611 138 7.140 -178.0 0.210000 424.800000 3.400000
1612 138 7.140 -178.0 4.170000 424.800000 5.640000
1613 138 7.140 -178.0 25.780000 782.000000 25.970000
1614 138 7.140 -178.0 11.460000 481.000000 12.380000
1615 138 7.140 -178.0 9.150000 338.000000 10.230000
1616 138 7.140 -178.0 23.410000 517.000000 24.200000
1617 138 7.140 -178.0 3.930000 424.800000 5.520000
1618 138 7.140 -178.0 8.030000 659.600000 9.590000
1620 138 7.140 -178.0 45.160000 471.000000 45.340000
1621 138 7.140 -178.0 97.510000 297.000000 97.560000
1622 139 4.810 -136.0 10.470000 338.500000 13.170000
1623 139 4.810 -136.0 10.190000 425.100000 12.960000
1624 139 4.810 -136.0 9.560000 477.700000 12.470000
1626 140 7.680 180.0 34.610000 659.600000 35.100000
1627 141 7.210 180.0 50.780000 274.500000 50.870000
1630 143 5.630 5.0 75.330000 659.600000 75.460000
1631 143 5.630 5.0 10.820000 229.800000 11.710000
1632 143 5.630 5.0 12.190000 390.200000 12.990000
1633 144 7.370 -9.0 12.560000 724.000000 12.970000
1634 144 7.370 -9.0 75.580000 274.500000 75.760000
1636 144 7.370 -9.0 49.970000 274.500000 50.150000
1637 144 7.370 -9.0 63.960000 274.500000 64.470000
1638 144 7.370 -9.0 174.550000 274.500000 174.590000
1639 144 7.370 -9.0 171.750000 274.500000 171.800000
1640 144 7.370 -9.0 93.300000 274.500000 93.620000
1641 145 5.610 82.0 8.570000 370.800000 13.170000
1643 145 5.610 82.0 23.670000 365.200000 25.690000
1644 145 5.610 82.0 25.510000 349.400000 27.400000
1645 145 5.610 82.0 2.640000 821.700000 10.360000
1646 145 5.610 82.0 13.910000 370.800000 17.130000
1647 145 5.610 82.0 15.850000 379.400000 18.740000
1648 145 5.610 82.0 46.450000 257.200000 48.200000
1649 145 5.610 82.0 37.630000 996.400000 39.810000
1650 147 6.050 90.0 43.350000 446.000000 43.760000
1651 147 6.050 90.0 6.550000 297.700000 8.880000
1652 147 6.050 90.0 34.990000 450.300000 35.500000
1653 147 6.050 90.0 49.230000 271.900000 49.590000
1654 147 6.050 90.0 44.160000 234.900000 44.570000
1655 147 6.050 90.0 45.610000 316.000000 46.000000
1656 147 6.050 90.0 44.040000 301.000000 44.450000
1657 147 6.050 90.0 31.960000 297.100000 32.520000
1658 147 6.050 90.0 24.550000 278.000000 25.270000
1659 147 6.050 90.0 38.540000 365.200000 39.010000
1660 147 6.050 90.0 24.950000 316.500000 25.660000
1661 147 6.050 90.0 39.230000 349.400000 39.680000
1662 147 6.050 90.0 33.040000 376.100000 33.580000
1663 147 6.050 90.0 36.000000 376.100000 36.500000
1664 147 6.050 90.0 33.540000 602.100000 34.070000
1665 147 6.050 90.0 13.030000 269.100000 14.340000
1666 147 6.050 90.0 11.060000 508.100000 12.580000
1667 147 6.050 90.0 47.300000 551.600000 47.680000
1668 148 5.200 90.0 25.090000 450.300000 25.800000
1669 148 5.200 90.0 41.480000 234.900000 41.910000
1670 148 5.200 90.0 9.140000 269.100000 10.930000
1671 148 5.200 90.0 22.520000 508.100000 23.310000
1672 148 5.200 90.0 45.990000 821.700000 46.380000
1673 148 5.200 90.0 38.320000 336.200000 38.790000
1674 148 5.200 90.0 21.320000 257.200000 22.150000
1675 149 5.930 148.0 53.810000 446.000000 54.710000
1676 149 5.930 148.0 26.950000 450.300000 28.690000
1677 149 5.930 148.0 47.020000 234.900000 48.030000
1678 149 5.930 148.0 57.280000 365.200000 58.110000
1679 149 5.930 148.0 51.170000 376.100000 52.100000
1680 149 5.930 148.0 54.640000 376.100000 55.520000
1681 149 5.930 148.0 17.330000 405.200000 19.920000
1682 150 5.130 145.0 51.080000 446.000000 52.330000
1683 150 5.130 145.0 21.490000 450.300000 24.300000
1684 150 5.130 145.0 42.700000 234.900000 44.180000
1686 150 5.130 145.0 19.700000 525.800000 22.730000
1687 150 5.130 145.0 60.410000 365.200000 61.460000
1688 150 5.130 145.0 19.470000 405.200000 22.530000
1689 150 5.130 145.0 31.020000 508.100000 33.030000
1690 150 5.130 145.0 23.990000 338.500000 26.540000
1691 151 5.280 106.0 85.150000 821.700000 86.150000
1692 151 5.280 106.0 46.340000 446.000000 48.160000
1693 151 5.280 106.0 3.350000 297.700000 13.510000
1694 151 5.280 106.0 13.280000 545.700000 18.640000
1695 151 5.280 106.0 23.780000 446.000000 27.150000
1696 151 5.280 106.0 16.210000 821.700000 20.830000
1697 151 5.280 106.0 15.010000 271.400000 19.910000
1698 151 5.280 106.0 22.260000 338.500000 25.830000
1699 151 5.280 106.0 40.070000 450.300000 42.160000
1700 151 5.280 106.0 48.600000 234.900000 50.330000
1701 151 5.280 106.0 18.890000 234.900000 22.980000
1702 151 5.280 106.0 40.560000 316.000000 42.620000
1704 151 5.280 106.0 9.330000 525.800000 16.080000
1705 151 5.280 106.0 39.040000 301.000000 41.180000
1706 151 5.280 106.0 26.870000 297.100000 29.890000
1707 151 5.280 106.0 19.450000 278.000000 23.440000
1708 151 5.280 106.0 34.320000 365.200000 36.730000
1709 151 5.280 106.0 20.530000 1015.900000 24.350000
1710 151 5.280 106.0 20.100000 316.500000 23.990000
1711 151 5.280 106.0 16.260000 255.000000 20.870000
1712 151 5.280 106.0 28.500000 376.100000 31.360000
1713 151 5.280 106.0 31.710000 376.100000 34.310000
1714 151 5.280 106.0 33.180000 294.200000 35.670000
1715 151 5.280 106.0 15.710000 1222.500000 20.450000
1716 151 5.280 106.0 20.340000 446.000000 24.190000
1717 151 5.280 106.0 38.600000 602.100000 40.760000
1718 151 5.280 106.0 53.580000 821.700000 55.160000
1719 151 5.280 106.0 38.550000 349.500000 40.720000
1720 151 5.280 106.0 40.370000 684.900000 42.440000
1721 151 5.280 106.0 18.130000 269.100000 22.360000
1722 151 5.280 106.0 4.590000 280.900000 13.870000
1723 151 5.280 106.0 11.680000 508.100000 17.540000
1724 151 5.280 106.0 49.890000 551.600000 51.570000
1725 151 5.280 106.0 3.210000 271.400000 13.480000
1726 151 5.280 106.0 33.540000 370.800000 36.010000
1727 151 5.280 106.0 82.760000 821.700000 83.780000
1728 151 5.280 106.0 5.540000 282.300000 14.210000
1729 151 5.280 106.0 34.300000 379.400000 36.710000
1730 151 5.280 106.0 24.550000 336.200000 27.820000
1731 151 5.280 106.0 63.930000 370.800000 65.250000
1732 151 5.280 106.0 17.940000 557.400000 22.210000
1733 151 5.280 106.0 5.100000 308.600000 14.050000
1734 151 5.280 106.0 10.040000 271.400000 16.490000
1735 151 5.280 106.0 16.370000 446.000000 20.960000
1736 151 5.280 106.0 8.980000 251.200000 15.870000
1737 151 5.280 106.0 9.000000 370.500000 15.880000
1738 151 5.280 106.0 9.020000 338.500000 15.900000
1739 151 5.280 106.0 9.610000 257.200000 16.240000
1740 152 5.650 -70.0 14.120000 274.500000 16.060000
1741 152 5.650 -70.0 23.830000 659.600000 24.660000
1742 152 5.650 -70.0 45.150000 338.600000 45.590000
1743 152 5.650 -70.0 61.040000 274.500000 62.210000
1744 152 5.650 -70.0 63.820000 274.500000 64.940000
1745 152 5.650 -70.0 99.440000 659.600000 100.160000
1746 152 5.650 -70.0 98.850000 274.500000 99.580000
1747 152 5.650 -70.0 98.090000 659.600000 98.300000
1758 157 5.170 -171.0 15.620000 215.500000 18.090000
1759 158 7.130 179.0 176.590000 274.500000 177.320000
1761 158 7.130 179.0 166.110000 370.800000 166.910000
1762 158 7.130 179.0 41.820000 271.400000 43.050000
1763 158 7.130 179.0 89.980000 724.900000 90.250000
1764 158 7.130 179.0 102.400000 684.900000 102.690000
1765 158 7.130 179.0 193.800000 297.700000 194.570000
1766 158 7.130 179.0 64.080000 271.400000 64.790000
1767 158 7.130 179.0 83.430000 684.900000 83.750000
1768 158 7.130 179.0 61.200000 370.800000 61.730000
1769 158 7.130 179.0 195.870000 294.200000 196.660000
1770 158 7.130 179.0 61.850000 338.500000 62.190000
1771 158 7.130 179.0 120.690000 257.000000 120.810000
1772 158 7.130 179.0 187.730000 271.400000 188.510000
1773 158 7.130 179.0 76.890000 345.400000 77.210000
1775 158 7.130 179.0 205.160000 450.300000 205.850000
1776 158 7.130 179.0 56.400000 345.400000 56.730000
1777 158 7.130 179.0 106.170000 370.800000 107.010000
1778 158 7.130 179.0 184.170000 271.900000 184.990000
1779 158 7.130 179.0 186.860000 202.900000 186.970000
1780 158 7.130 179.0 149.430000 308.600000 149.720000
1781 158 7.130 179.0 232.720000 271.400000 233.440000
1782 158 7.130 179.0 74.920000 345.400000 75.240000
1783 158 7.130 179.0 65.040000 345.400000 65.890000
1784 158 7.130 179.0 118.500000 345.400000 118.610000
1785 158 7.130 179.0 54.680000 345.400000 54.990000
1786 158 7.130 179.0 61.210000 684.900000 61.540000
1787 158 7.130 179.0 10.350000 684.900000 12.020000
1788 158 7.130 179.0 104.550000 338.500000 104.850000
1789 158 7.130 179.0 89.870000 345.400000 90.690000
1790 158 7.130 179.0 184.030000 370.800000 184.310000
1791 158 7.130 179.0 73.550000 345.400000 73.780000
1792 158 7.130 179.0 74.000000 207.500000 74.230000
1793 158 7.130 179.0 196.780000 525.800000 197.530000
1794 158 7.130 179.0 31.060000 379.300000 31.440000
1795 158 7.130 179.0 50.420000 684.900000 50.680000
1796 158 7.130 179.0 191.450000 301.000000 192.270000
1797 158 7.130 179.0 177.940000 365.200000 178.750000
1798 158 7.130 179.0 190.300000 270.200000 191.110000
1799 158 7.130 179.0 179.290000 349.400000 180.100000
1800 158 7.130 179.0 186.790000 270.200000 187.590000
1801 158 7.130 179.0 183.960000 376.100000 184.760000
1802 158 7.130 179.0 203.210000 370.800000 204.010000
1803 158 7.130 179.0 194.670000 381.200000 194.950000
1804 158 7.130 179.0 172.580000 370.800000 173.370000
1805 158 7.130 179.0 184.960000 425.300000 185.630000
1806 158 7.130 179.0 172.050000 345.400000 172.740000
1807 158 7.130 179.0 146.510000 442.000000 147.230000
1808 158 7.130 179.0 172.490000 376.100000 173.300000
1809 158 7.130 179.0 112.260000 345.400000 113.100000
1810 158 7.130 179.0 91.960000 345.400000 92.130000
1811 158 7.130 179.0 91.150000 271.400000 91.460000
1812 158 7.130 179.0 84.870000 370.800000 85.190000
1813 158 7.130 179.0 53.170000 345.400000 53.510000
1814 158 7.130 179.0 198.130000 269.100000 198.860000
1815 158 7.130 179.0 178.250000 405.200000 178.530000
1816 158 7.130 179.0 61.840000 345.400000 62.160000
1817 158 7.130 179.0 110.720000 338.500000 110.860000
1818 158 7.130 179.0 186.310000 508.100000 187.070000
1819 158 7.130 179.0 156.460000 452.900000 157.160000
1820 158 7.130 179.0 171.890000 430.700000 172.680000
1821 158 7.130 179.0 143.360000 229.800000 144.180000
1822 158 7.130 179.0 123.790000 370.800000 124.080000
1823 158 7.130 179.0 123.250000 324.500000 123.420000
1824 158 7.130 179.0 96.910000 684.900000 97.210000
1825 158 7.130 179.0 105.200000 271.400000 105.500000
1826 158 7.130 179.0 103.620000 271.400000 103.920000
1827 158 7.130 179.0 101.710000 271.400000 102.000000
1828 158 7.130 179.0 108.020000 271.400000 108.320000
1829 158 7.130 179.0 104.950000 271.400000 105.250000
1830 158 7.130 179.0 104.670000 370.800000 105.450000
1831 158 7.130 179.0 92.710000 370.800000 93.020000
1832 158 7.130 179.0 87.200000 659.600000 87.510000
1833 158 7.130 179.0 72.880000 345.400000 73.200000
1834 158 7.130 179.0 191.590000 338.500000 192.340000
1835 158 7.130 179.0 134.110000 370.800000 134.410000
1836 158 7.130 179.0 42.060000 684.900000 42.250000
1837 158 7.130 179.0 135.770000 345.400000 136.530000
1838 158 7.130 179.0 62.910000 345.400000 63.240000
1839 158 7.130 179.0 169.590000 338.500000 170.380000
1840 158 7.130 179.0 169.830000 298.700000 170.640000
1841 158 7.130 179.0 113.450000 345.400000 114.270000
1842 158 7.130 179.0 118.710000 338.600000 119.510000
1843 160 5.000 170.0 95.670000 133.100000 96.200000
1844 160 5.000 170.0 72.670000 202.500000 73.370000
1845 160 5.000 170.0 70.100000 297.900000 70.830000
1846 160 5.000 170.0 42.500000 155.400000 43.690000
1847 160 5.000 170.0 73.240000 271.400000 73.930000
1848 160 5.000 170.0 85.610000 271.400000 86.210000
1849 160 5.000 170.0 50.470000 712.800000 51.470000
1850 160 5.000 170.0 92.240000 202.500000 92.790000
1851 160 5.000 170.0 63.760000 641.600000 64.560000
1852 160 5.000 170.0 48.880000 169.700000 49.910000
1853 160 5.000 170.0 9.890000 271.400000 14.150000
1854 160 5.000 170.0 34.070000 338.500000 35.540000
1855 160 5.000 170.0 36.360000 338.500000 37.740000
1856 160 5.000 170.0 24.770000 338.500000 26.750000
1857 160 5.000 170.0 25.370000 338.500000 27.310000
1858 160 5.000 170.0 58.180000 338.500000 59.060000
1859 160 5.000 170.0 92.930000 338.500000 93.480000
1860 160 5.000 170.0 47.720000 712.800000 48.780000
1861 160 5.000 170.0 44.790000 155.400000 45.920000
1862 160 5.000 170.0 66.740000 297.900000 67.510000
1863 160 5.000 170.0 69.110000 297.900000 69.850000
1865 160 5.000 170.0 26.070000 338.500000 27.970000
1866 160 5.000 170.0 10.610000 155.400000 14.660000
1867 160 5.000 170.0 33.390000 370.800000 34.890000
1868 161 4.530 11.0 44.270000 271.400000 45.190000
1869 161 4.530 11.0 41.920000 271.400000 42.900000
1870 161 4.530 11.0 42.850000 370.800000 43.800000
1871 161 4.530 11.0 22.560000 345.400000 24.320000
1872 161 4.530 11.0 61.840000 345.400000 62.510000
1873 161 4.530 11.0 62.450000 338.500000 63.110000
1874 161 4.530 11.0 36.100000 345.400000 37.230000
1875 161 4.530 11.0 29.940000 345.400000 31.290000
1876 161 4.530 11.0 62.530000 338.500000 63.190000
1877 161 4.530 11.0 90.490000 207.500000 90.940000
1878 161 4.530 11.0 92.280000 207.500000 92.730000
1879 161 4.530 11.0 45.320000 370.800000 46.220000
1881 161 4.530 11.0 49.710000 345.400000 50.540000
1882 161 4.530 11.0 29.350000 271.400000 30.730000
1883 161 4.530 11.0 25.140000 370.800000 26.740000
1884 161 4.530 11.0 46.040000 338.500000 46.930000
1885 161 4.530 11.0 50.640000 271.400000 51.450000
1886 161 4.530 11.0 43.160000 345.400000 44.110000
1887 161 4.530 11.0 54.670000 345.400000 55.420000
1888 161 4.530 11.0 66.520000 345.400000 67.140000
1889 161 4.530 11.0 40.760000 488.000000 41.760000
1890 161 4.530 11.0 50.390000 370.800000 51.200000
1891 161 4.530 11.0 31.250000 684.900000 32.550000
1892 161 4.530 11.0 40.490000 271.400000 41.500000
1893 161 4.530 11.0 38.550000 271.400000 39.610000
1894 161 4.530 11.0 38.990000 271.400000 40.040000
1895 161 4.530 11.0 36.100000 271.400000 37.230000
1896 161 4.530 11.0 34.400000 345.400000 35.580000
1897 161 4.530 11.0 42.520000 271.400000 43.480000
1898 161 4.530 11.0 36.460000 271.400000 37.580000
1899 161 4.530 11.0 38.650000 271.400000 39.710000
1900 161 4.530 11.0 40.720000 271.400000 41.720000
1901 161 4.530 11.0 37.940000 271.400000 39.010000
1902 161 4.530 11.0 29.840000 345.400000 31.200000
1903 161 4.530 11.0 24.400000 684.900000 26.050000
1905 161 4.530 11.0 67.680000 338.500000 68.290000
1906 161 4.530 11.0 85.070000 345.400000 85.560000
1907 161 4.530 11.0 42.700000 345.400000 43.660000
1908 161 4.530 11.0 63.270000 338.600000 63.920000
1909 161 4.530 11.0 69.300000 353.600000 69.890000
1910 161 4.530 11.0 33.410000 370.800000 34.620000
1911 162 5.170 -173.0 99.410000 274.500000 99.480000
1912 162 5.170 -173.0 68.680000 345.400000 68.800000
1915 162 5.170 -173.0 81.820000 274.500000 81.910000
1916 162 5.170 -173.0 127.230000 274.500000 127.290000
1917 163 4.920 -32.0 78.440000 659.600000 79.900000
1918 163 4.920 -32.0 12.370000 724.900000 19.600000
1919 163 4.920 -32.0 24.730000 684.900000 29.030000
1920 163 4.920 -32.0 15.730000 338.500000 21.870000
1921 163 4.920 -32.0 63.220000 370.800000 65.020000
1922 163 4.920 -32.0 87.980000 338.500000 89.280000
1923 163 4.920 -32.0 38.980000 271.400000 41.840000
1924 163 4.920 -32.0 51.890000 345.400000 54.070000
1925 163 4.920 -32.0 133.340000 231.200000 134.200000
1926 163 4.920 -32.0 72.920000 424.800000 74.490000
1927 163 4.920 -32.0 36.450000 207.500000 39.490000
1928 163 4.920 -32.0 107.930000 370.800000 109.000000
1929 163 4.920 -32.0 101.560000 370.800000 102.690000
1930 163 4.920 -32.0 124.990000 207.500000 125.910000
1931 163 4.920 -32.0 121.900000 202.900000 122.840000
1932 163 4.920 -32.0 120.160000 196.300000 121.110000
1933 163 4.920 -32.0 120.710000 210.500000 121.660000
1934 163 4.920 -32.0 47.800000 345.400000 50.160000
1935 163 4.920 -32.0 46.680000 338.500000 49.090000
1936 163 4.920 -32.0 53.680000 338.500000 55.790000
1937 163 4.920 -32.0 49.570000 338.500000 51.850000
1938 163 4.920 -32.0 95.140000 345.400000 96.340000
1940 163 4.920 -32.0 62.720000 338.500000 64.540000
1941 163 4.920 -32.0 24.150000 338.500000 28.540000
1942 163 4.920 -32.0 32.420000 684.900000 35.810000
1943 163 4.920 -32.0 29.070000 845.400000 32.810000
1944 163 4.920 -32.0 15.530000 338.500000 21.730000
1945 163 4.920 -32.0 28.940000 207.500000 32.690000
1946 163 4.920 -32.0 38.400000 207.500000 41.300000
1947 163 4.920 -32.0 71.620000 379.300000 73.210000
1948 163 4.920 -32.0 26.880000 345.400000 30.880000
1949 163 4.920 -32.0 77.880000 622.900000 79.350000
1950 163 4.920 -32.0 41.270000 207.500000 43.980000
1951 163 4.920 -32.0 65.920000 503.000000 67.650000
1952 163 4.920 -32.0 80.260000 370.800000 81.690000
1953 163 4.920 -32.0 108.020000 345.400000 109.090000
1954 163 4.920 -32.0 76.330000 338.500000 77.830000
1955 163 4.920 -32.0 79.740000 271.400000 81.170000
1956 163 4.920 -32.0 85.370000 338.500000 86.710000
1957 163 4.920 -32.0 60.450000 345.400000 62.340000
1958 163 4.920 -32.0 10.460000 338.500000 18.450000
1959 163 4.920 -32.0 97.850000 207.500000 99.020000
1960 163 4.920 -32.0 46.470000 345.400000 48.900000
1961 163 4.920 -32.0 81.520000 684.900000 82.930000
1962 163 4.920 -32.0 50.730000 370.800000 52.960000
1963 163 4.920 -32.0 30.680000 207.500000 34.240000
1964 163 4.920 -32.0 73.190000 518.000000 74.760000
1965 163 4.920 -32.0 78.730000 338.600000 80.190000
1966 163 4.920 -32.0 36.930000 338.500000 39.940000
1967 163 4.920 -32.0 32.480000 207.500000 35.860000
1968 163 4.920 -32.0 85.680000 488.000000 87.020000
1969 163 4.920 -32.0 101.060000 370.800000 102.190000
1970 163 4.920 -32.0 97.250000 370.800000 98.440000
1971 163 4.920 -32.0 103.840000 370.800000 104.940000
1972 163 4.920 -32.0 86.110000 684.900000 87.440000
1973 163 4.920 -32.0 99.310000 370.800000 100.460000
1974 163 4.920 -32.0 39.460000 622.900000 42.290000
1975 163 4.920 -32.0 99.990000 684.900000 101.140000
1976 163 4.920 -32.0 96.620000 271.400000 97.810000
1977 163 4.920 -32.0 94.030000 271.400000 95.250000
1978 163 4.920 -32.0 100.680000 271.400000 101.820000
1979 163 4.920 -32.0 102.250000 345.400000 103.370000
1980 163 4.920 -32.0 98.910000 271.400000 100.070000
1981 163 4.920 -32.0 92.580000 271.400000 93.810000
1982 163 4.920 -32.0 96.250000 345.400000 97.440000
1983 163 4.920 -32.0 54.630000 338.500000 56.700000
1984 163 4.920 -32.0 51.560000 271.400000 53.760000
1985 163 4.920 -32.0 86.100000 684.900000 87.430000
1986 163 4.920 -32.0 66.750000 338.500000 68.460000
1987 163 4.920 -32.0 58.910000 370.800000 60.840000
1988 163 4.920 -32.0 81.640000 424.800000 83.040000
1989 163 4.920 -32.0 55.180000 345.400000 57.240000
1990 164 5.700 -163.0 83.550000 223.000000 84.150000
1991 164 5.700 -163.0 89.430000 231.200000 89.990000
1992 164 5.700 -163.0 134.060000 205.800000 134.430000
1993 164 5.700 -163.0 100.230000 207.500000 100.720000
1994 164 5.700 -163.0 101.770000 202.900000 102.260000
1995 164 5.700 -163.0 102.510000 196.300000 103.000000
1996 164 5.700 -163.0 104.510000 210.500000 104.980000
1998 164 5.700 -163.0 96.920000 202.900000 97.440000
1999 164 5.700 -163.0 76.690000 207.500000 77.330000
2000 164 5.700 -163.0 122.690000 345.400000 123.100000
2001 164 5.700 -163.0 112.020000 200.000000 112.470000
2002 165 5.310 -23.0 76.920000 208.700000 77.240000
2003 165 5.310 -23.0 42.210000 231.200000 42.790000
2004 165 5.310 -23.0 91.710000 205.800000 91.980000
2005 165 5.310 -23.0 55.400000 207.500000 55.840000
2006 165 5.310 -23.0 55.230000 202.900000 55.670000
2007 165 5.310 -23.0 54.560000 196.300000 55.010000
2008 165 5.310 -23.0 59.300000 210.500000 59.710000
2009 165 5.310 -23.0 55.130000 202.900000 55.570000
2010 165 5.310 -23.0 99.440000 191.100000 99.680000
2011 166 4.900 -177.0 103.520000 202.500000 104.010000
2012 166 4.900 -177.0 105.400000 297.900000 105.880000
2013 166 4.900 -177.0 82.480000 712.800000 83.090000
2014 166 4.900 -177.0 56.820000 438.300000 57.710000
2015 166 4.900 -177.0 87.710000 271.400000 88.290000
2016 166 4.900 -177.0 87.610000 202.500000 88.190000
2017 166 4.900 -177.0 78.470000 712.800000 79.120000
2018 166 4.900 -177.0 68.800000 367.600000 69.540000
2019 166 4.900 -177.0 2.820000 729.700000 10.510000
2020 166 4.900 -177.0 6.010000 349.900000 11.770000
2021 166 4.900 -177.0 12.140000 663.300000 15.810000
2022 166 4.900 -177.0 121.580000 641.600000 122.000000
2023 166 4.900 -177.0 89.340000 370.800000 89.910000
2024 166 4.900 -177.0 19.260000 271.400000 21.760000
2026 166 4.900 -177.0 22.280000 370.800000 24.470000
2027 166 4.900 -177.0 54.270000 477.700000 55.200000
2028 166 4.900 -177.0 74.530000 370.800000 75.220000
2029 166 4.900 -177.0 74.370000 370.800000 75.060000
2030 166 4.900 -177.0 20.220000 438.300000 22.610000
2031 166 4.900 -177.0 73.620000 438.300000 74.310000
2032 166 4.900 -177.0 131.140000 712.800000 131.530000
2033 166 4.900 -177.0 30.180000 271.400000 31.830000
2034 166 4.900 -177.0 109.610000 338.500000 110.080000
2036 166 4.900 -177.0 50.260000 271.400000 51.260000
2037 166 4.900 -177.0 50.900000 271.400000 51.890000
2038 166 4.900 -177.0 50.520000 271.400000 51.520000
2039 166 4.900 -177.0 12.970000 370.800000 16.450000
2040 166 4.900 -177.0 60.380000 155.400000 61.220000
2041 166 4.900 -177.0 37.560000 271.400000 38.900000
2042 166 4.900 -177.0 61.440000 267.700000 62.270000
2043 166 4.900 -177.0 74.430000 400.600000 75.110000
2044 166 4.900 -177.0 64.360000 477.700000 65.150000
2045 166 4.900 -177.0 79.160000 477.700000 79.810000
2046 166 4.900 -177.0 84.040000 712.800000 84.650000
2047 167 4.270 13.0 18.820000 270.200000 20.080000
2048 167 4.270 13.0 6.800000 376.100000 9.760000
2049 167 4.270 13.0 8.010000 345.400000 10.630000
2050 167 4.270 13.0 11.240000 338.500000 13.240000
2051 167 4.270 13.0 36.040000 370.800000 36.720000
2052 167 4.270 13.0 17.500000 370.800000 18.850000
2053 167 4.270 13.0 13.740000 370.800000 15.420000
2054 167 4.270 13.0 10.650000 338.500000 12.750000
2055 167 4.270 13.0 14.260000 370.800000 15.890000
2056 167 4.270 13.0 17.770000 270.200000 19.100000
2057 167 4.270 13.0 16.630000 370.800000 18.040000
2058 167 4.270 13.0 30.730000 370.800000 31.520000
2060 168 6.700 179.0 272.870000 279.400000 272.880000
2061 168 6.700 179.0 271.020000 360.000000 271.040000
2062 168 6.700 179.0 265.480000 366.000000 265.490000
2063 168 6.700 179.0 264.910000 474.000000 264.930000
2064 168 6.700 179.0 273.690000 279.400000 273.710000
2065 168 6.700 179.0 269.640000 284.000000 269.660000
2066 168 6.700 179.0 269.220000 491.000000 269.240000
2067 168 6.700 179.0 275.340000 270.000000 275.360000
2068 168 6.700 179.0 272.210000 274.000000 272.230000
2069 168 6.700 179.0 268.720000 582.000000 268.730000
2070 168 6.700 179.0 277.350000 269.000000 277.370000
2071 168 6.700 179.0 274.420000 467.900000 274.430000
2072 168 6.700 179.0 272.520000 514.000000 272.540000
2073 168 6.700 179.0 278.070000 354.000000 278.080000
2074 168 6.700 179.0 275.580000 467.900000 275.590000
2075 168 6.700 179.0 279.320000 412.000000 279.340000
2076 168 6.700 179.0 277.150000 424.800000 277.170000
2077 168 6.700 179.0 242.850000 274.500000 242.870000
2078 168 6.700 179.0 216.470000 274.500000 216.490000
2079 168 6.700 179.0 271.900000 191.300000 271.920000
2081 168 6.700 179.0 275.240000 279.400000 275.260000
2082 168 6.700 179.0 280.410000 467.900000 280.430000
2083 168 6.700 179.0 275.470000 274.500000 275.490000
2084 168 6.700 179.0 267.240000 274.500000 267.260000
2085 168 6.700 179.0 276.490000 274.500000 276.500000
2086 168 6.700 179.0 270.210000 467.900000 270.220000
2087 168 6.700 179.0 273.460000 360.000000 273.480000
2088 168 6.700 179.0 272.900000 274.500000 272.910000
2089 168 6.700 179.0 146.320000 274.500000 146.350000
2090 168 6.700 179.0 148.820000 424.800000 148.850000
2091 168 6.700 179.0 199.270000 659.600000 199.290000
2092 168 6.700 179.0 119.840000 424.800000 119.880000
2093 168 6.700 179.0 104.730000 382.500000 104.780000
2095 169 7.900 171.0 272.510000 279.400000 276.750000
2096 169 7.900 171.0 270.270000 360.000000 274.540000
2097 169 7.900 171.0 264.470000 366.000000 268.760000
2098 169 7.900 171.0 263.550000 474.000000 267.870000
2099 169 7.900 171.0 273.560000 279.400000 277.780000
2100 169 7.900 171.0 269.090000 284.000000 273.340000
2101 169 7.900 171.0 268.170000 491.000000 272.460000
2102 169 7.900 171.0 275.130000 274.500000 279.370000
2103 169 7.900 171.0 266.610000 274.500000 270.870000
2104 169 7.900 171.0 275.910000 274.500000 280.170000
2105 169 7.900 171.0 269.020000 467.900000 273.330000
2106 169 7.900 171.0 272.640000 360.000000 276.920000
2107 169 7.900 171.0 49.940000 963.900000 50.940000
2108 169 7.900 171.0 246.250000 274.500000 250.610000
2109 169 7.900 171.0 139.270000 274.500000 139.850000
2110 169 7.900 171.0 140.710000 424.800000 141.290000
2111 169 7.900 171.0 42.990000 963.900000 43.250000
2112 169 7.900 171.0 104.160000 424.800000 104.940000
2113 169 7.900 171.0 53.010000 382.500000 54.780000
2114 169 7.900 171.0 0.180000 329.400000 3.750000
2115 169 7.900 171.0 126.400000 376.100000 126.960000
2116 169 7.900 171.0 164.660000 338.600000 164.690000
2118 169 7.900 171.0 239.520000 659.600000 239.540000
2119 170 4.920 -174.0 79.220000 684.900000 79.470000
2120 170 4.920 -174.0 44.040000 345.400000 44.490000
2121 170 4.920 -174.0 50.560000 271.400000 50.950000
2122 170 4.920 -174.0 52.080000 370.800000 52.460000
2123 170 4.920 -174.0 25.550000 345.400000 26.320000
2124 170 4.920 -174.0 38.770000 345.400000 39.270000
2125 170 4.920 -174.0 85.630000 207.500000 85.860000
2126 170 4.920 -174.0 136.210000 345.400000 136.350000
2128 170 4.920 -174.0 119.750000 376.100000 119.910000
2129 170 4.920 -174.0 36.660000 271.400000 37.200000
2130 170 4.920 -174.0 31.460000 370.800000 32.080000
2131 170 4.920 -174.0 38.230000 345.400000 38.740000
2132 170 4.920 -174.0 50.980000 345.400000 51.370000
2133 170 4.920 -174.0 119.650000 452.900000 119.810000
2134 170 4.920 -174.0 88.400000 622.900000 88.630000
2135 170 4.920 -174.0 119.440000 370.800000 119.600000
2137 170 4.920 -174.0 46.340000 271.400000 46.770000
2138 170 4.920 -174.0 40.370000 684.900000 40.860000
2139 170 4.920 -174.0 47.340000 271.400000 47.760000
2140 170 4.920 -174.0 47.580000 271.400000 48.000000
2141 170 4.920 -174.0 45.190000 271.400000 45.620000
2142 170 4.920 -174.0 43.570000 345.400000 44.030000
2143 170 4.920 -174.0 51.540000 271.400000 51.920000
2144 170 4.920 -174.0 45.440000 271.400000 45.880000
2145 170 4.920 -174.0 49.150000 271.400000 49.560000
2146 170 4.920 -174.0 48.960000 370.800000 49.370000
2147 170 4.920 -174.0 38.760000 345.400000 39.270000
2148 170 4.920 -174.0 54.820000 622.900000 55.190000
2149 170 4.920 -174.0 32.040000 684.900000 32.650000
2151 170 4.920 -174.0 60.790000 345.400000 61.110000
2152 170 4.920 -174.0 147.080000 338.500000 147.210000
2153 170 4.920 -174.0 93.490000 345.400000 93.700000
2154 170 4.920 -174.0 39.760000 345.400000 40.250000
2155 170 4.920 -174.0 71.980000 338.600000 72.260000
