0.99992 0.99988 0.99993
0.9983 0.99922 0.99813
0.98979 0.99478 0.98844
0.97728 0.98053 0.97711
0.96108 0.96671 0.96117
0.92261 0.93675 0.92257
0.90579 0.93398 0.90037
0.90016 0.93657 0.888
0.88543 0.92988 0.86961
0.8611 0.88712 0.85318
0.83466 0.85874 0.82922
0.76463 0.71193 0.77912
0.69867 0.55531 0.73398
0.61264 0.55373 0.62227
0.51649 0.46508 0.52483
0.40199 0.3433 0.41603
0.34371 0.27362 0.35423
0.28183 0.15398 0.30912
0.25192 0.058444 0.29501
0.21471 -0.0037247 0.26827
0.1812 -0.049135 0.24924
0.19594 -0.018183 0.25666
