0.99993 0.99993 0.99994
0.99845 0.99935 0.99824
0.991 0.9959 0.98951
0.9797 0.98719 0.97818
0.96548 0.97917 0.96232
0.93256 0.96831 0.92063
0.91718 0.96915 0.89679
0.90852 0.96868 0.88257
0.88857 0.95053 0.86426
0.85973 0.90478 0.84676
0.81528 0.82317 0.8209
0.73748 0.66141 0.7701
0.65327 0.43491 0.72962
0.5539 0.32566 0.62884
0.45458 0.19117 0.54303
0.34974 0.13063 0.43823
0.29827 0.10525 0.3738
0.27262 0.11106 0.33538
0.24053 0.029164 0.31841
0.21224 -0.021692 0.2957
0.20304 -0.025917 0.2899
0.19381 -0.064097 0.30388
