0.99993 0.99993 0.99994
0.99857 0.99944 0.99832
0.99146 0.99629 0.98971
0.9811 0.98729 0.97983
0.96629 0.97516 0.96526
0.926 0.94431 0.92664
0.90383 0.93298 0.90015
0.89256 0.9352 0.87655
0.88929 0.94361 0.86143
0.87878 0.93716 0.8511
0.8553 0.91358 0.83313
0.79433 0.81722 0.78913
0.72111 0.65825 0.74975
0.61194 0.5032 0.65387
0.52396 0.42376 0.56264
0.41653 0.333 0.45352
0.35108 0.26891 0.3815
0.27578 0.17058 0.31618
0.23472 0.11177 0.2817
0.18586 0.035567 0.24801
0.15529 -0.0057817 0.23177
0.16605 -0.003802 0.2506
