0.9998 0.9994 0.99982
0.99824 0.99864 0.99811
0.99018 0.99519 0.98893
0.97993 0.98704 0.97861
0.96572 0.9768 0.96353
0.92965 0.95195 0.92444
0.91085 0.94838 0.89956
0.89803 0.94775 0.88214
0.88913 0.95268 0.86598
0.87586 0.94084 0.85259
0.85951 0.93052 0.83467
0.80919 0.86828 0.79227
0.75205 0.76851 0.75187
0.66261 0.70036 0.6483
0.57912 0.64223 0.55426
0.48095 0.56601 0.44411
0.429 0.52138 0.38088
0.3562 0.40653 0.32012
0.30988 0.30699 0.29204
0.25375 0.19233 0.25803
0.2153 0.099502 0.24402
0.22444 0.10993 0.25427
