 ID     X      Y      Rrup         D           Rfn         Rfp          s            h          ctildepr    IDP          C          S            U            T         fD 2.00s        fD 3.00s        fD 5.00s        fD 10.00s    
 217,   177,    76,  31.0521991,  21.2262218, -0.0331072, -0.6965658,  12.6500119,  18.9615089, 1.062838, 0.326859,  0.1592960,   2.9424111, 172.5339031, 31.1072956, -1.4241934e-01, -1.8401585e-01, -2.3623794e-01, -6.9314775e-01
 216,   177,    56,  11.3248948,  20.9807243, -0.3118470, -0.3803476,   9.7451561,  18.9615089, 1.530464, 0.640689,  0.4427054,   2.9424111, 169.6290472, 11.3203431, -1.0432029e-01, -1.3477582e-01, -1.7300107e-01, -5.6319048e-01
 352,   177,    66,  21.1882978,  21.0397522, -0.1489298, -0.5820084,  11.1974781,  18.9615089, 1.193537, 0.421606,  0.2385075,   2.9424111, 171.0813692, 21.2135694, -1.3091699e-01, -1.6914996e-01, -2.1714632e-01, -6.5391280e-01
 215,   178,    36,   8.4825313,  20.1578465, -0.2521613,  0.3359000,   6.8410493,  18.9615089, 1.861072, 0.794750,  0.6430736,   2.9424111, 166.7249404, -8.4678712, -8.5617308e-02, -1.1060367e-01, -1.4195780e-01, -4.9939388e-01
 351,   178,    46,   1.5103902,  20.6958467, -0.3919407, -0.0518164,   8.2933255,  18.9615089, 3.295929, 1.163285,  1.0000000,   2.9424111, 168.1772167,  1.4257576, -4.0877167e-02, -5.2780540e-02, -6.7698016e-02, -3.4678357e-01
 257,    47,    86, 117.9367205,  32.2930773, -0.9310682,  0.1718131,  26.8752239,  18.9615089, 2.524165, 3.116074,  1.0000000,   3.2912048, 302.6076666, 22.1222821, 0.0000000e+00, 0.0000000e+00, 0.0000000e+00, 0.0000000e+00
 256,    47,    76, 115.0481218,  32.7246460, -0.9686456,  0.1281381,  26.8762963,  18.9615089, 2.526967, 3.215823,  1.0000000,   3.2912447, 301.1562858, 12.2283665, 0.0000000e+00, 0.0000000e+00, 0.0000000e+00, 0.0000000e+00
 347,   167,    86,  39.4684369,  29.0596605, -0.0281142, -0.5153761,  23.9965261,  18.9615089, 1.085103, 0.283419,  0.1727898,   3.1779091, 183.8804173, 39.5489811, -1.4769292e-01, -1.9083155e-01, -2.4499106e-01, -7.1113616e-01
 255,    47,    66, 112.9682610,  32.8921886, -0.9869124,  0.0790724,  26.8767046,  18.9615089, 2.545587, 3.258594,  1.0000000,   3.2912599, 299.7036402,  2.3341417, 0.0000000e+00, 0.0000000e+00, 0.0000000e+00, 0.0000000e+00
 254,    47,    56, 111.7472957,  32.8921886, -0.9836162,  0.0282308,  26.8767046,  18.9615089, 2.559642, 3.238670,  1.0000000,   3.2912599, 298.2507476, -7.5601347, 0.0000000e+00, 0.0000000e+00, 0.0000000e+00, 0.0000000e+00
 344,   167,    56,   9.8764363,  27.1134393, -0.5883051, -0.1311734,  19.6396109,  18.9615089, 1.818230, 1.107539,  0.6171092,   2.9775485, 179.5235021,  9.8675049, -4.7644723e-02, -6.1527075e-02, -7.8930820e-02, -3.6986795e-01
 343,   168,    46,   0.4992125,  26.2741657, -0.6824951,  0.0207224,  18.1877146,  18.9615089, 3.918393, 2.009107,  1.0000000,   2.9424111, 178.0716057, -0.0268157, 6.1805544e-02, 7.9928830e-02, 1.0273499e-01, 3.4710535e-03
 346,   167,    76,  29.6043621,  28.3302337, -0.1575024, -0.4097227,  22.5437060,  18.9615089, 1.178398, 0.313621,  0.2293324,   3.1154559, 182.4275971, 29.6550810, -1.4402643e-01, -1.8609288e-01, -2.3890539e-01, -6.9862959e-01
 258,    47,    96, 121.5777089,  31.8740835, -0.8775149,  0.2073693,  26.8741515,  18.9615089, 2.495582, 2.967591,  1.0000000,   3.2911649, 304.0602716, 32.0156098, 0.0000000e+00, 0.0000000e+00, 0.0000000e+00, 0.0000000e+00
 345,   167,    66,  19.7407577,  27.6794064, -0.3552536, -0.2770956,  21.0911344,  18.9615089, 1.360685, 0.466773,  0.3398088,   3.0488528, 180.9750255, 19.7616525, -1.2543381e-01, -1.6206338e-01, -2.0804532e-01, -6.3520947e-01
 88,   102,    16,  65.5523885,  32.8921886, -0.6077079, -0.0549555,  26.8767046,  18.9615089, 2.124886, 1.612576,  0.8029614,   3.2912599, 238.8568467, -39.7850196, 2.0261475e-03, 2.6260498e-03, 3.3852424e-03, -2.3829142e-02
 336,   158,    46,   1.9712118,  32.8921886, -0.8169065,  0.0392359,  26.8767046,  18.9615089, 3.726409, 2.691751,  1.0000000,   3.2912599, 187.9650782, -1.4786494, 1.4467855e-01, 1.8703571e-01, 2.4028780e-01, 2.8615403e-01
 210,   158,    36,  11.3835062,  32.6901592, -0.6515945,  0.1139504,  26.6290760,  18.9615089, 1.936251, 1.495025,  0.6886371,   3.2820037, 186.5129671, -11.3725863, -6.0402044e-04, -7.3064915e-04, -8.5255451e-04, -2.0941034e-01
 335,   158,    26,  21.2728674,  31.5179413, -0.3904208,  0.2627029,  25.1762151,  18.9615089, 1.459900, 0.607119,  0.3999392,   3.2258997, 185.0601062, -21.2670260, -1.0839571e-01, -1.4004297e-01, -1.7976545e-01, -5.7709187e-01
 209,   158,    16,  31.1647096,  30.3708160, -0.1756997,  0.4367048,  23.7244103,  18.9615089, 1.246730, 0.403560,  0.2707453,   3.1665045, 183.6083014, -31.1607225, -1.3310786e-01, -1.7198149e-01, -2.2078273e-01, -6.6138595e-01
 176,    18,    16, 144.8274252,  32.8921886, -0.8056937, -0.1179581,  26.8767046,  18.9615089, 2.320132, 2.469077,  0.9212919,   3.2912599, 322.1241591, -51.4921386, 0.0000000e+00, 0.0000000e+00, 0.0000000e+00, 0.0000000e+00
 229,    18,     6, 147.3111653,  32.8921886, -0.7340094, -0.1307166,  26.8767046,  18.9615089, 2.237234, 2.137407,  0.8710510,   3.2912599, 320.6714753, -61.3857252, 0.0000000e+00, 0.0000000e+00, 0.0000000e+00, 0.0000000e+00
 319,   127,   106,  66.4880358,  30.9522457, -0.2713549,  0.0139609,  26.8716612,  18.9615089, 1.669119, 0.471026,  0.5267389,   3.2910722, 226.3605291, 53.5277549, -1.4623525e-02, -1.8893908e-02, -2.4254601e-02, -7.4154924e-02
 230,    18,    26, 143.0007888,  32.8921886, -0.8687538, -0.0955993,  26.8767046,  18.9615089, 2.393230, 2.777583,  0.9655938,   3.2912599, 323.5762886, -41.5985974, 0.0000000e+00, 0.0000000e+00, 0.0000000e+00, 0.0000000e+00
 66,    21,    43, 137.9825165,  32.8921886, -0.9482683, -0.0390784,  26.8767046,  18.9615089, 2.485906, 3.123646,  1.0000000,   3.2912599, 322.5628126, -24.4271217, 0.0000000e+00, 0.0000000e+00, 0.0000000e+00, 0.0000000e+00
 300,   107,    66,  54.7072236,  32.7283034, -0.9318993,  0.1267198,  26.8763052,  18.9615089, 2.660061, 3.095335,  1.0000000,   3.2912451, 240.3390912, 11.0479847, 9.8726956e-02, 1.2762235e-01, 1.6394369e-01, 2.3106281e-01
 281,    88,    46,  71.4198370,  32.8921886, -0.9529416, -0.0060155,  26.8767046,  18.9615089, 2.648715, 3.136441,  1.0000000,   3.2912599, 257.2230372, -11.6442673, 0.0000000e+00, 0.0000000e+00, 0.0000000e+00, 0.0000000e+00
 296,   108,    26,  55.6420252,  32.8921886, -0.7380228, -0.0580681,  26.8767046,  18.9615089, 2.349181, 2.287655,  0.9388979,   3.2912599, 234.5303861, -28.5277690, 4.5764262e-02, 5.9170658e-02, 7.6031418e-02, 5.6866097e-02
 297,   108,    36,  52.6337149,  32.8921886, -0.8645495, -0.0413521,  26.8767046,  18.9615089, 2.593477, 2.848710,  1.0000000,   3.2912599, 235.9828412, -18.6341085, 9.4781367e-02, 1.2252644e-01, 1.5740516e-01, 2.0327286e-01
 231,    18,    46, 141.4126600,  32.8921886, -0.9591898, -0.0270784,  26.8767046,  18.9615089, 2.492354, 3.158201,  1.0000000,   3.2912599, 326.4803705, -21.8100085, 0.0000000e+00, 0.0000000e+00, 0.0000000e+00, 0.0000000e+00
 279,    88,    26,  74.5145691,  32.8921886, -0.7891870, -0.0803429,  26.8767046,  18.9615089, 2.390159, 2.516157,  0.9637327,   3.2912599, 254.3190654, -31.4328762, 0.0000000e+00, 0.0000000e+00, 0.0000000e+00, 0.0000000e+00
 178,    17,    56, 141.6753629,  32.8921886, -0.9829734,  0.0152376,  26.8767046,  18.9615089, 2.511597, 3.235610,  1.0000000,   3.2912599, 327.9330324, -11.9165048, 0.0000000e+00, 0.0000000e+00, 0.0000000e+00, 0.0000000e+00
 85,   110,    51,  49.3280184,  32.8921886, -0.9627270,  0.0337751,  26.8767046,  18.9615089, 2.793241, 3.170534,  1.0000000,   3.2912599, 235.9322187, -3.8931231, 1.3974455e-01, 1.8064335e-01, 2.3205169e-01, 3.3379612e-01
 232,    17,    66, 142.6394054,  32.8921886, -0.9913029,  0.0597909,  26.8767046,  18.9615089, 2.508736, 3.268565,  1.0000000,   3.2912599, 329.3847883, -2.0226668, 0.0000000e+00, 0.0000000e+00, 0.0000000e+00, 0.0000000e+00
 219,     8,    16, 154.6066173,  32.8921886, -0.8159490, -0.1182679,  26.8767046,  18.9615089, 2.324305, 2.506848,  0.9238212,   3.2912599, 332.0182094, -52.9450971, 0.0000000e+00, 0.0000000e+00, 0.0000000e+00, 0.0000000e+00
 179,    17,    76, 144.2929871,  32.8921886, -0.9843271,  0.1041184,  26.8767046,  18.9615089, 2.484736, 3.257750,  1.0000000,   3.2912599, 330.8378297,  7.8719951, 0.0000000e+00, 0.0000000e+00, 0.0000000e+00, 0.0000000e+00
 240,    27,    66, 132.7325096,  32.8921886, -0.9904179,  0.0657138,  26.8767046,  18.9615089, 2.519955, 3.266890,  1.0000000,   3.2912599, 319.4909426, -0.5706710, 0.0000000e+00, 0.0000000e+00, 0.0000000e+00, 0.0000000e+00
 239,    27,    56, 131.6963224,  32.8921886, -0.9833400,  0.0191765,  26.8767046,  18.9615089, 2.525557, 3.237043,  1.0000000,   3.2912599, 318.0395751, -10.4643410, 0.0000000e+00, 0.0000000e+00, 0.0000000e+00, 0.0000000e+00
 238,    28,    46, 131.4140810,  32.8921886, -0.9589158, -0.0250506,  26.8767046,  18.9615089, 2.505591, 3.157118,  1.0000000,   3.2912599, 316.5873184, -20.3576594, 0.0000000e+00, 0.0000000e+00, 0.0000000e+00, 0.0000000e+00
 237,    28,    36, 131.8914611,  32.8921886, -0.9179056, -0.0641071,  26.8767046,  18.9615089, 2.461179, 3.028425,  1.0000000,   3.2912599, 315.1347254, -30.2521381, 0.0000000e+00, 0.0000000e+00, 0.0000000e+00, 0.0000000e+00
 236,    28,    26, 133.1205592,  32.8921886, -0.8620773, -0.0954534,  26.8767046,  18.9615089, 2.395820, 2.760923,  0.9671635,   3.2912599, 313.6824655, -40.1456568, 0.0000000e+00, 0.0000000e+00, 0.0000000e+00, 0.0000000e+00
 158,    96,    41,  62.9590731,  32.8921886, -0.9213663, -0.0267691,  26.8767046,  18.9615089, 2.640724, 3.033735,  1.0000000,   3.2912599, 247.8696318, -15.1420644, 4.3699627e-02, 5.6490084e-02, 7.2567947e-02, 1.0039655e-01
 159,    98,    40,  61.1940919,  32.8921886, -0.9066845, -0.0338929,  26.8767046,  18.9615089, 2.625087, 2.986219,  1.0000000,   3.2912599, 245.6602447, -16.5921592, 5.2960770e-02, 6.8462327e-02, 8.7948437e-02, 1.1978769e-01
 160,   101,    38,  58.8310421,  32.8921886, -0.8930330, -0.0382055,  26.8767046,  18.9615089, 2.613363, 2.941892,  1.0000000,   3.2912599, 242.9119965, -17.5460313, 6.5169280e-02, 8.4244809e-02, 1.0822397e-01, 1.4509877e-01
 161,   103,    37,  56.7880157,  32.8921886, -0.8803284, -0.0411523,  26.8767046,  18.9615089, 2.601073, 2.900553,  1.0000000,   3.2912599, 240.5127051, -18.3123178, 7.4879885e-02, 9.6798412e-02, 1.2435187e-01, 1.6410130e-01
 128,    90,    39,  69.0593516,  32.8921886, -0.9055035, -0.0414396,  26.8767046,  18.9615089, 2.588134, 2.983367,  1.0000000,   3.2912599, 253.2662759, -18.5994642, 5.6464213e-03, 7.2991255e-03, 9.3766464e-03, 1.2758709e-02
 162,    76,    26,  85.8848064,  32.8921886, -0.8076949, -0.0874932,  26.8767046,  18.9615089, 2.394326, 2.583664,  0.9662584,   3.2912599, 265.8845264, -33.3969323, 0.0000000e+00, 0.0000000e+00, 0.0000000e+00, 0.0000000e+00
 163,    78,    28,  82.9778774,  32.8921886, -0.8258908, -0.0814714,  26.8767046,  18.9615089, 2.426260, 2.692117,  0.9856124,   3.2912599, 263.8085362, -30.8008851, 0.0000000e+00, 0.0000000e+00, 0.0000000e+00, 0.0000000e+00
 164,    81,    30,  79.7908997,  32.8921886, -0.8412400, -0.0751251,  26.8767046,  18.9615089, 2.456033, 2.779758,  1.0000000,   3.2912599, 261.3297743, -28.3862078, 0.0000000e+00, 0.0000000e+00, 0.0000000e+00, 0.0000000e+00
 165,    85,    34,  75.4718874,  32.8921886, -0.8733070, -0.0612971,  26.8767046,  18.9615089, 2.515904, 2.881352,  1.0000000,   3.2912599, 258.3458090, -23.9021870, 0.0000000e+00, 0.0000000e+00, 0.0000000e+00, 0.0000000e+00
 166,    87,    35,  72.4888597,  32.8921886, -0.8799332, -0.0562894,  26.8767046,  18.9615089, 2.535621, 2.902009,  1.0000000,   3.2912599, 255.6954027, -22.4138057, 0.0000000e+00, 0.0000000e+00, 0.0000000e+00, 0.0000000e+00
 150,    63,    52,  95.8787737,  32.8921886, -0.9754622,  0.0142443,  26.8767046,  18.9615089, 2.590775, 3.210842,  1.0000000,   3.2912599, 282.1748860, -9.4129678, 0.0000000e+00, 0.0000000e+00, 0.0000000e+00, 0.0000000e+00
 151,    68,    50,  90.6551289,  32.8921886, -0.9706578,  0.0074461,  26.8767046,  18.9615089, 2.600948, 3.194781,  1.0000000,   3.2912599, 276.8189255, -10.3730977, 0.0000000e+00, 0.0000000e+00, 0.0000000e+00, 0.0000000e+00
 149,    60,    54,  99.5346947,  32.8921886, -0.9792442,  0.0214585,  26.8767046,  18.9615089, 2.584235, 3.223721,  1.0000000,   3.2912599, 285.9510432, -8.2560345, 0.0000000e+00, 0.0000000e+00, 0.0000000e+00, 0.0000000e+00
 154,    82,    48,  76.5493427,  32.8921886, -0.9614105,  0.0012191,  26.8767046,  18.9615089, 2.638395, 3.164254,  1.0000000,   3.2912599, 262.5644590, -10.6455484, 0.0000000e+00, 0.0000000e+00, 0.0000000e+00, 0.0000000e+00
 155,    86,    46,  72.6086022,  32.8921886, -0.9535732, -0.0061447,  26.8767046,  18.9615089, 2.644476, 3.138522,  1.0000000,   3.2912599, 258.4120314, -11.7402045, 0.0000000e+00, 0.0000000e+00, 0.0000000e+00, 0.0000000e+00
 152,    74,    49,  84.8395561,  32.8921886, -0.9672022,  0.0047809,  26.8767046,  18.9615089, 2.615369, 3.183353,  1.0000000,   3.2912599, 270.9455532, -10.5068895, 0.0000000e+00, 0.0000000e+00, 0.0000000e+00, 0.0000000e+00
 153,    79,    49,  80.2352271,  32.8921886, -0.9645781,  0.0034596,  26.8767046,  18.9615089, 2.628279, 3.174698,  1.0000000,   3.2912599, 266.3088723, -10.4649357, 0.0000000e+00, 0.0000000e+00, 0.0000000e+00, 0.0000000e+00
 156,    90,    44,  69.1530197,  32.8921886, -0.9424899, -0.0152121,  26.8767046,  18.9615089, 2.644093, 3.102383,  1.0000000,   3.2912599, 254.6378042, -13.2127296, 5.4920828e-03, 7.0994989e-03, 9.1200066e-03, 1.2879657e-02
 157,    93,    43,  65.7073317,  32.8921886, -0.9339241, -0.0199399,  26.8767046,  18.9615089, 2.647238, 3.074488,  1.0000000,   3.2912599, 250.9747465, -13.9193317, 2.7350421e-02, 3.5355433e-02, 4.5417755e-02, 6.3623829e-02
 193,    77,    96,  94.8434792,  31.6711177, -0.7829180,  0.2204389,  26.8736198,  18.9615089, 2.404084, 2.602392,  0.9721719,   3.2911451, 274.3785785, 36.3727463, 0.0000000e+00, 0.0000000e+00, 0.0000000e+00, 0.0000000e+00
 278,    77,   106, 100.3267629,  31.2718036, -0.6881300,  0.2302507,  26.8725473,  18.9615089, 2.297302, 2.167116,  0.9074557,   3.2911052, 275.8302521, 46.2667948, 0.0000000e+00, 0.0000000e+00, 0.0000000e+00, 0.0000000e+00
 228,     7,   106, 162.3790575,  31.7349609, -0.9005676,  0.2070079,  26.8737879,  18.9615089, 2.511294, 3.041199,  1.0000000,   3.2911514, 345.0884564, 36.1017231, 0.0000000e+00, 0.0000000e+00, 0.0000000e+00, 0.0000000e+00
 43,    77,    46,  81.5000415,  32.8921886, -0.9545942, -0.0107727,  26.8767046,  18.9615089, 2.611957, 3.142018,  1.0000000,   3.2912599, 267.1857397, -13.1834930, 0.0000000e+00, 0.0000000e+00, 0.0000000e+00, 0.0000000e+00
 356,   188,    16,  26.8083098,  19.8754359,  0.0406838,  0.7392774,   5.9576953,  18.9615089, 1.179764, 0.501414,  0.2301598,   2.9424111, 153.9261958, -26.8036748, -1.2122829e-01, -1.5662808e-01, -2.0106500e-01, -6.2086430e-01
 309,   117,   106,  71.7611471,  31.0153996, -0.3796653,  0.0992514,  26.8718384,  18.9615089, 1.837010, 0.811695,  0.6284911,   3.2910788, 236.2545277, 52.0752720, -0.0000000e+00, -0.0000000e+00, -0.0000000e+00, -0.0000000e+00
 357,   188,    26,  16.9171155,  19.4894803,  0.0892869,  0.6018358,   4.5056657,  18.9615089, 1.374930, 0.623792,  0.3484425,   2.9424111, 155.3782254, -16.9097695, -1.0637161e-01, -1.3742698e-01, -1.7640584e-01, -5.7018759e-01
 358,   188,    36,   7.0340925,  19.2058103,  0.1252791,  0.3190022,   3.0535763,  18.9615089, 1.991415, 0.728153,  0.7220699,   2.9424111, 156.8303148, -7.0164067, -9.3702253e-02, -1.2105283e-01, -1.5537721e-01, -5.2697193e-01
 359,   188,    46,   2.9213490,  19.0289474,  0.0806406, -0.1477381,   1.6006307,  18.9615089, 2.647327, 0.588482,  1.0000000,   2.9424111, 158.2832604,  2.8785041, -1.1065826e-01, -1.4296714e-01, -1.8352083e-01, -5.8480951e-01
 360,   187,    56,  12.7716966,  18.4681733,  0.0044259, -0.5687610,   0.1485688,  18.9615089, 1.377940, 0.586199,  0.3502664,   2.9424111, 159.7353224, 12.7715195, -1.1093548e-01, -1.4332543e-01, -1.8398097e-01, -5.8575513e-01
 307,   117,    66,  45.4388124,  32.6561244, -0.9038046,  0.1302822,  26.8761280,  18.9615089, 2.665357, 3.005382,  1.0000000,   3.2912385, 230.4453288, 12.5000303, 1.4962136e-01, 1.9341484e-01, 2.4846469e-01, 3.4060539e-01
 202,   117,    76,  50.3754940,  32.2264743, -0.7953270,  0.1640199,  26.8750556,  18.9615089, 2.441811, 2.659399,  0.9950373,   3.2911986, 231.8972801, 22.3943685, 9.2072358e-02, 1.1902903e-01, 1.5292003e-01, 1.7842426e-01
 308,   117,    86,  56.6529297,  31.8094686, -0.6580741,  0.1676133,  26.8739832,  18.9615089, 2.206160, 1.904686,  0.8522183,   3.2911586, 233.3497016, 32.2883298, 2.1857580e-02, 2.8271456e-02, 3.6345996e-02, -1.7693469e-02
 203,   117,    96,  63.8763923,  31.4056049, -0.5145614,  0.1435820,  26.8729108,  18.9615089, 2.001770, 1.280560,  0.7283456,   3.2911187, 234.8018294, 42.1820000, -5.4377756e-03, -7.0176934e-03, -8.9950144e-03, -6.0872794e-02
 213,   157,    96,  48.6284114,  31.1460678, -0.0336014, -0.3685184,  26.8722018,  18.9615089, 1.197896, 0.293685,  0.2411490,   3.2910924, 195.2267463, 47.9909622, -1.0432654e-01, -1.3479826e-01, -1.7305457e-01, -5.0357506e-01
 338,   157,    86,  38.6631583,  31.5409770, -0.1550057, -0.2696077,  26.8732742,  18.9615089, 1.284791, 0.300720,  0.2938125,   3.2911323, 193.7747248, 38.0971299, -1.4559255e-01, -1.8811698e-01, -2.4150485e-01, -7.0397171e-01
 212,   157,    76,  28.7012007,  31.9493588, -0.3296479, -0.1605496,  26.8743466,  18.9615089, 1.429991, 0.460756,  0.3818125,   3.2911722, 192.3216531, 28.2031755, -1.2616418e-01, -1.6300733e-01, -2.0925759e-01, -6.3770079e-01
 337,   157,    66,  18.7487718,  32.3706990, -0.5531305, -0.0599927,  26.8754190,  18.9615089, 1.707153, 1.006745,  0.5497897,   3.2912121, 190.8693703, 18.3092423, -5.9881129e-02, -7.7341673e-02, -9.9240836e-02, -4.1160680e-01
 211,   157,    56,   8.8368655,  32.8045271, -0.7615459,  0.0044522,  26.8764915,  18.9615089, 2.371990, 2.387979,  0.9527212,   3.2912520, 189.4173063,  8.4146743, 1.0780063e-01, 1.3937388e-01, 1.7907773e-01, 1.6036203e-01
 207,   137,    76,  35.7879001,  32.0872328, -0.6253301,  0.0959099,  26.8747011,  18.9615089, 2.096888, 1.636550,  0.7859929,   3.2911854, 212.1093890, 25.2984177, 1.6577171e-02, 2.1474696e-02, 2.7664827e-02, -1.5080464e-01
 322,   137,    66,  28.4280747,  32.5127619, -0.7975615,  0.1066907,  26.8757736,  18.9615089, 2.509274, 2.648337,  1.0000000,   3.2912253, 210.6574860, 15.4041368, 1.3940808e-01, 1.8022403e-01, 2.3153985e-01, 2.6817623e-01
 189,    57,    96, 112.4834994,  31.8060597, -0.8523057,  0.2139656,  26.8739742,  18.9615089, 2.476667, 2.892114,  1.0000000,   3.2911583, 294.1662215, 33.4682017, 0.0000000e+00, 0.0000000e+00, 0.0000000e+00, 0.0000000e+00
 227,     7,    96, 159.0447550,  32.1496200, -0.9402595,  0.1749462,  26.8748604,  18.9615089, 2.509783, 3.147684,  1.0000000,   3.2911913, 343.6359593, 26.2076245, 0.0000000e+00, 0.0000000e+00, 0.0000000e+00, 0.0000000e+00
 323,   137,    86,  44.1844921,  31.6744980, -0.4449082,  0.0469450,  26.8736287,  18.9615089, 1.811714, 0.902809,  0.6131602,   3.2911455, 213.5620520, 35.1926877, -6.2386623e-02, -8.0586803e-02, -1.0342038e-01, -3.9123132e-01
 225,     7,    76, 154.1057459,  32.8921886, -0.9873059,  0.0970560,  26.8767046,  18.9615089, 2.479073, 3.265144,  1.0000000,   3.2912599, 340.7317667,  6.4195763, 0.0000000e+00, 0.0000000e+00, 0.0000000e+00, 0.0000000e+00
 262,    57,    66, 103.1194881,  32.8921886, -0.9838374,  0.0865500,  26.8767046,  18.9615089, 2.560085, 3.250570,  1.0000000,   3.2912599, 289.8093175,  3.7869895, 0.0000000e+00, 0.0000000e+00, 0.0000000e+00, 0.0000000e+00
 324,   137,   106,  62.3835428,  30.8894606, -0.1560900, -0.1052624,  26.8714839,  18.9615089, 1.489572, 0.275082,  0.4179222,   3.2910656, 216.4668981, 54.9807790, -3.7753525e-02, -4.8780782e-02, -6.2625305e-02, -1.8142112e-01
 187,    57,    56, 101.7815109,  32.8921886, -0.9833637,  0.0334393,  26.8767046,  18.9615089, 2.580707, 3.238376,  1.0000000,   3.2912599, 288.3574659, -6.1076550, 0.0000000e+00, 0.0000000e+00, 0.0000000e+00, 0.0000000e+00
 223,     7,    56, 151.6576132,  32.8921886, -0.9825226,  0.0116369,  26.8767046,  18.9615089, 2.499232, 3.233964,  1.0000000,   3.2912599, 337.8270430, -13.3683088, 0.0000000e+00, 0.0000000e+00, 0.0000000e+00, 0.0000000e+00
 263,    57,    86, 108.5393225,  32.2229639, -0.9145943,  0.1804191,  26.8750467,  18.9615089, 2.523242, 3.068120,  1.0000000,   3.2911982, 292.7143495, 23.5741216, 0.0000000e+00, 0.0000000e+00, 0.0000000e+00, 0.0000000e+00
 224,     7,    66, 152.5595058,  32.8921886, -0.9918072,  0.0543243,  26.8767046,  18.9615089, 2.498471, 3.269188,  1.0000000,   3.2912599, 339.2797121, -3.4746879, 0.0000000e+00, 0.0000000e+00, 0.0000000e+00, 0.0000000e+00
 188,    57,    76, 105.3929076,  32.6524978, -0.9598883,  0.1369482,  26.8761191,  18.9615089, 2.541878, 3.191212,  1.0000000,   3.2912381, 291.2615375, 13.6800747, 0.0000000e+00, 0.0000000e+00, 0.0000000e+00, 0.0000000e+00
 86,   113,    60,  47.8492928,  32.8921886, -0.9523761,  0.0961717,  26.8767046,  18.9615089, 2.742081, 3.150458,  1.0000000,   3.2912599, 234.2294914,  6.0008565, 1.4794134e-01, 1.9123953e-01, 2.4566414e-01, 3.5153522e-01
 190,    78,    36,  82.1871028,  32.8921886, -0.8951764, -0.0564236,  26.8767046,  18.9615089, 2.528302, 2.952105,  1.0000000,   3.2912599, 265.6649616, -22.9907030, 0.0000000e+00, 0.0000000e+00, 0.0000000e+00, 0.0000000e+00
 274,    78,    26,  84.1450891,  32.8921886, -0.8074728, -0.0861718,  26.8767046,  18.9615089, 2.397352, 2.587414,  0.9680924,   3.2912599, 264.2124125, -32.8840935, 0.0000000e+00, 0.0000000e+00, 0.0000000e+00, 0.0000000e+00
 51,   159,    43,   4.2388877,  32.6649429, -0.7790510,  0.0557636,  26.5981141,  18.9615089, 2.801336, 2.562481,  1.0000000,   3.2808403, 186.4820052, -4.2094744, 1.2898524e-01, 1.6675333e-01, 2.1424000e-01, 2.3262355e-01
 204,   138,    16,  37.9136723,  32.8921886, -0.3787954,  0.1408771,  26.8767046,  18.9615089, 1.678793, 0.708437,  0.5326020,   3.2912599, 203.3964278, -34.0653364, -9.6095780e-02, -1.2414628e-01, -1.5935000e-01, -5.3513635e-01
 181,    38,    16, 125.3737722,  32.8921886, -0.7805522, -0.1156571,  26.8767046,  18.9615089, 2.307223, 2.372323,  0.9134687,   3.2912599, 302.3354725, -48.5878805, 0.0000000e+00, 0.0000000e+00, 0.0000000e+00, 0.0000000e+00
 245,    38,    26, 123.2596130,  32.8921886, -0.8543776, -0.0949893,  26.8767046,  18.9615089, 2.398132, 2.740365,  0.9685649,   3.2912599, 303.7882428, -38.6938434, 0.0000000e+00, 0.0000000e+00, 0.0000000e+00, 0.0000000e+00
 42,    54,    33, 105.6461207,  32.8921886, -0.8857546, -0.0739510,  26.8767046,  18.9615089, 2.462824, 2.925391,  1.0000000,   3.2912599, 288.1024339, -29.8443659, 0.0000000e+00, 0.0000000e+00, 0.0000000e+00, 0.0000000e+00
 246,    38,    46, 121.4136540,  32.8921886, -0.9585334, -0.0227902,  26.8767046,  18.9615089, 2.520759, 3.155674,  1.0000000,   3.2912599, 306.6921718, -18.9061887, 0.0000000e+00, 0.0000000e+00, 0.0000000e+00, 0.0000000e+00
 182,    38,    36, 121.9318464,  32.8921886, -0.9147571, -0.0632848,  26.8767046,  18.9615089, 2.471493, 3.017900,  1.0000000,   3.2912599, 305.2413595, -28.7999187, 0.0000000e+00, 0.0000000e+00, 0.0000000e+00, 0.0000000e+00
 183,    37,    56, 121.7192682,  32.8921886, -0.9835764,  0.0234935,  26.8767046,  18.9615089, 2.541436, 3.238129,  1.0000000,   3.2912599, 308.1447606, -9.0120080, 0.0000000e+00, 0.0000000e+00, 0.0000000e+00, 0.0000000e+00
 206,   137,    56,  23.1170094,  32.8921886, -0.9103343,  0.0761543,  26.8767046,  18.9615089, 2.969284, 3.006612,  1.0000000,   3.2912599, 209.2057367,  5.5102883, 1.8290275e-01, 2.3643749e-01, 3.0373240e-01, 4.1653820e-01
 290,    98,    46,  61.4217342,  32.8921886, -0.9500880, -0.0009866,  26.8767046,  18.9615089, 2.694053, 3.126988,  1.0000000,   3.2912599, 247.3288049, -10.1918093, 5.6478261e-02, 7.3008030e-02, 9.3785640e-02, 1.3335938e-01
 196,    97,    56,  62.0232275,  32.8921886, -0.9749959,  0.0593925,  26.8767046,  18.9615089, 2.711364, 3.214913,  1.0000000,   3.2912599, 248.7811020, -0.2984434, 5.5356261e-02, 7.1556930e-02, 9.1920333e-02, 1.3368951e-01
 291,    97,    66,  64.1957534,  32.8008405, -0.9509353,  0.1197822,  26.8764825,  18.9615089, 2.638652, 3.154499,  1.0000000,   3.2912516, 250.2334374,  9.5953002, 3.8860623e-02, 5.0233987e-02, 6.4529972e-02, 9.2438038e-02
 197,    97,    76,  67.7824928,  32.3671159, -0.8848623,  0.1685023,  26.8754100,  18.9615089, 2.549101, 2.964602,  1.0000000,   3.2912117, 251.6853080, 19.4898393, 1.3142628e-02, 1.6989515e-02, 2.1825252e-02, 2.9503333e-02
 292,    97,    86,  72.5725027,  31.9458924, -0.7889169,  0.1981806,  26.8743377,  18.9615089, 2.411379, 2.614469,  0.9765933,   3.2911718, 253.1381735, 29.3835404, 0.0000000e+00, 0.0000000e+00, 0.0000000e+00, 0.0000000e+00
 52,   125,    44,  34.1054869,  32.8921886, -0.9121325,  0.0037330,  26.8767046,  18.9615089, 2.858544, 3.002090,  1.0000000,   3.2912599, 219.6761507, -8.9163887, 1.8235374e-01, 2.3572795e-01, 3.0282117e-01, 4.1466553e-01
 326,   148,    26,  24.1565910,  32.8921886, -0.5037394,  0.1305117,  26.8767046,  18.9615089, 1.782041, 1.019346,  0.5951764,   3.2912599, 194.9543062, -22.7190560, -5.8351419e-02, -7.5364643e-02, -9.6701820e-02, -4.0638890e-01
 325,   148,    16,  33.3059053,  32.8921886, -0.2805640,  0.2654271,  26.8767046,  18.9615089, 1.444874, 0.496810,  0.3908328,   3.2912599, 193.5024522, -32.6126081, -1.2178722e-01, -1.5735045e-01, -2.0199271e-01, -6.2277083e-01
 50,   153,    24,  24.8986627,  32.8921886, -0.3762463,  0.2379356,  26.8767046,  18.9615089, 1.485785, 0.608962,  0.4156274,   3.2912599, 189.2073772, -24.7731341, -1.0817198e-01, -1.3975382e-01, -1.7939411e-01, -5.7632873e-01
 328,   148,    46,  11.4898844,  32.8921886, -0.8795542,  0.0365073,  26.8767046,  18.9615089, 3.379240, 2.897334,  1.0000000,   3.2912599, 197.8590703, -2.9313502, 1.6963634e-01, 2.1929170e-01, 2.8171280e-01, 3.7128600e-01
 327,   148,    36,  16.0550803,  32.8921886, -0.7367167,  0.0475659,  26.8767046,  18.9615089, 2.452309, 2.429775,  1.0000000,   3.2912599, 196.4061235, -12.8250108, 1.1287466e-01, 1.4593166e-01, 1.8749962e-01, 1.7766973e-01
 329,   147,    56,  14.3613666,  32.8773677, -0.8574704,  0.0588960,  26.8766687,  18.9615089, 2.942510, 2.828806,  1.0000000,   3.2912586, 199.3112654,  6.9628808, 1.6131706e-01, 2.0853968e-01, 2.6790443e-01, 3.4290862e-01
 68,   105,    31,  56.2588891,  32.8921886, -0.8018970, -0.0576306,  26.8767046,  18.9615089, 2.461326, 2.646059,  1.0000000,   3.2912599, 237.3542796, -24.5986437, 6.3727385e-02, 8.2385560e-02, 1.0584357e-01, 1.2240255e-01
 99,   116,    68,  47.3860861,  32.6083672, -0.8973496,  0.1364466,  26.8760103,  18.9615089, 2.641814, 2.987335,  1.0000000,   3.2912341, 232.1489382, 13.6138447, 1.3610745e-01, 1.7594592e-01, 2.2602453e-01, 3.0796784e-01
 259,    47,   106, 125.9042502,  31.4680936, -0.8118637,  0.2331351,  26.8730791,  18.9615089, 2.446866, 2.774648,  0.9981004,   3.2911250, 305.5119335, 41.9100389, 0.0000000e+00, 0.0000000e+00, 0.0000000e+00, 0.0000000e+00
 348,   167,    96,  49.3327399,  29.8611044,  0.0513281, -0.5948542,  25.4485716,  18.9615089, 1.029949, 0.269318,  0.1393631,   3.2366596, 185.3324627, 49.4431103, -1.0292623e-01, -1.3298965e-01, -1.7073385e-01, -4.9393047e-01
 349,   167,   106,  59.1971666,  30.7035601,  0.1000837, -0.6540846,  26.8709522,  18.9615089, 0.994328, 0.256475,  0.1177745,   3.2910459, 186.7846005, 59.3373559, -5.4361288e-02, -7.0239706e-02, -9.0174977e-02, -2.6009400e-01
 234,    17,   106, 153.0955261,  31.6677057, -0.8838082,  0.2146217,  26.8736107,  18.9615089, 2.504108, 2.993277,  1.0000000,   3.2911448, 335.1944159, 37.5535822, 0.0000000e+00, 0.0000000e+00, 0.0000000e+00, 0.0000000e+00
 233,    17,    86, 146.6089012,  32.5055195, -0.9629722,  0.1459161,  26.8757556,  18.9615089, 2.503705, 3.205536,  1.0000000,   3.2912246, 332.2898584, 17.7655348, 0.0000000e+00, 0.0000000e+00, 0.0000000e+00, 0.0000000e+00
 180,    17,    96, 149.5558575,  32.0802277, -0.9287987,  0.1832433,  26.8746832,  18.9615089, 2.512424, 3.115772,  1.0000000,   3.2911847, 333.7427623, 27.6592025, 0.0000000e+00, 0.0000000e+00, 0.0000000e+00, 0.0000000e+00
 331,   147,    76,  30.8587454,  32.0181464, -0.4936117,  0.0031881,  26.8745239,  18.9615089, 1.789159, 0.973931,  0.5994903,   3.2911788, 202.2158696, 26.7501779, -6.3864801e-02, -8.2490258e-02, -1.0585294e-01, -4.2519526e-01
 330,   147,    66,  21.9053994,  32.4415517, -0.6994995,  0.0547001,  26.8755963,  18.9615089, 2.212474, 1.976807,  0.8560446,   3.2912187, 200.7630581, 16.8569045, 5.7884406e-02, 7.4861065e-02, 9.6226671e-02, -9.9040977e-03
 333,   147,    96,  49.9362295,  31.2103870, -0.1547493, -0.1728374,  26.8723791,  18.9615089, 1.405113, 0.280005,  0.3667351,   3.2910990, 205.1200177, 46.5386597, -9.9053093e-02, -1.2798493e-01, -1.6430823e-01, -4.7654795e-01
 332,   147,    86,  40.2930866,  31.6075787, -0.3043674, -0.0798722,  26.8734515,  18.9615089, 1.550692, 0.471176,  0.4549648,   3.2911389, 203.6683450, 36.6443224, -1.2367898e-01, -1.5979589e-01, -2.0513412e-01, -6.2719796e-01
 334,   147,   106,  59.6870540,  30.8271110, -0.0442771, -0.2620390,  26.8713067,  18.9615089, 1.309487, 0.270062,  0.3087801,   3.2910591, 206.5723069, 56.4326468, -5.1329061e-02, -6.6321606e-02, -8.5144529e-02, -2.4636502e-01
 318,   127,    96,  57.8914197,  31.3401571, -0.4079190,  0.0773532,  26.8727335,  18.9615089, 1.824566, 0.848485,  0.6209493,   3.2911121, 224.9084775, 43.6342160, -3.1923847e-02, -4.1238893e-02, -5.2926731e-02, -1.9258392e-01
 317,   127,    86,  49.8091065,  31.7418079, -0.5634119,  0.1241868,  26.8738059,  18.9615089, 2.034744, 1.420917,  0.7483297,   3.2911521, 223.4561983, 33.7403923, -6.4615390e-03, -8.3173820e-03, -1.0623923e-02, -1.6159328e-01
 316,   127,    76,  42.5354728,  32.1566845, -0.7237401,  0.1431548,  26.8748784,  18.9615089, 2.311289, 2.223991,  0.9159325,   3.2911920, 222.0036405, 23.8462944, 8.0464222e-02, 1.0403948e-01, 1.3369202e-01, 8.4640852e-02
 315,   127,    66,  36.5574020,  32.5842535, -0.8616642,  0.1263711,  26.8759507,  18.9615089, 2.631639, 2.866274,  1.0000000,   3.2912319, 220.5512714, 13.9526014, 1.6586561e-01, 2.1441832e-01, 2.7545412e-01, 3.5842387e-01
 273,    67,   106, 108.6022817,  31.3368355, -0.7371275,  0.2355584,  26.8727245,  18.9615089, 2.361427, 2.410113,  0.9463194,   3.2911118, 285.7246502, 44.8151459, 0.0000000e+00, 0.0000000e+00, 0.0000000e+00, 0.0000000e+00
 272,    67,    96, 103.5560262,  31.7384064, -0.8212709,  0.2187252,  26.8737970,  18.9615089, 2.447285, 2.792541,  0.9983545,   3.2911517, 284.2719759, 34.9205095, 0.0000000e+00, 0.0000000e+00, 0.0000000e+00, 0.0000000e+00
 271,    67,    86,  99.2586828,  32.1531576, -0.8937174,  0.1883913,  26.8748694,  18.9615089, 2.515358, 3.006035,  1.0000000,   3.2911916, 282.8200165, 25.0268271, 0.0000000e+00, 0.0000000e+00, 0.0000000e+00, 0.0000000e+00
 270,    67,    76,  95.8097767,  32.5806239, -0.9483393,  0.1459263,  26.8759418,  18.9615089, 2.554234, 3.157940,  1.0000000,   3.2912315, 281.3679455, 15.1331044, 0.0000000e+00, 0.0000000e+00, 0.0000000e+00, 0.0000000e+00
 303,   107,    96,  70.7745369,  31.4714218, -0.6036368,  0.1838834,  26.8730880,  18.9615089, 2.146299, 1.694523,  0.8159386,   3.2911253, 244.6961592, 40.7298900, 0.0000000e+00, 0.0000000e+00, 0.0000000e+00, -0.0000000e+00
 304,   107,   106,  77.9661285,  31.0789012, -0.4760346,  0.1573029,  26.8720156,  18.9615089, 1.985684, 1.185677,  0.7185964,   3.2910854, 246.1483649, 50.6237918, -0.0000000e+00, -0.0000000e+00, -0.0000000e+00, -0.0000000e+00
 301,   107,    76,  58.8739371,  32.2966224, -0.8471595,  0.1702283,  26.8752328,  18.9615089, 2.513844, 2.843908,  1.0000000,   3.2912051, 241.7917034, 20.9421427, 6.0507381e-02, 7.8219599e-02, 1.0048592e-01, 1.2949333e-01
 302,   107,    86,  64.3293424,  31.8775041, -0.7318857,  0.1895144,  26.8741604,  18.9615089, 2.328559, 2.305067,  0.9263993,   3.2911652, 243.2447696, 30.8359078, 1.8474079e-02, 2.3885753e-02, 3.0691672e-02, 2.3822088e-02
 354,   177,   106,  60.6448928,  22.5069664,  0.1000204, -0.8336886,  17.0070221,  18.9615089, 0.934212, 0.200964,  0.0813407,   2.9424111, 176.8909132, 60.7894670, -4.9177603e-02, -6.3542611e-02, -8.1578323e-02, -2.3240605e-01
 218,   177,    96,  50.7805586,  21.9655421,  0.0754414, -0.8058643,  15.5543248,  18.9615089, 0.958783, 0.229181,  0.0962319,   2.9424111, 175.4382160, 50.8953067, -9.8837510e-02, -1.2770771e-01, -1.6395463e-01, -4.6997686e-01
 353,   177,    86,  40.9165873,  21.5369047,  0.0352409, -0.7638452,  14.1028097,  18.9615089, 0.997118, 0.268790,  0.1194656,   2.9424111, 173.9867009, 41.0015103, -1.4490217e-01, -1.8722624e-01, -2.4036354e-01, -6.9528164e-01
 186,    58,    36, 102.0336704,  32.8921886, -0.9067242, -0.0608071,  26.8767046,  18.9615089, 2.496273, 2.990968,  1.0000000,   3.2912599, 285.4522647, -25.8954802, 0.0000000e+00, 0.0000000e+00, 0.0000000e+00, 0.0000000e+00
 235,    28,    16, 135.0808107,  32.8921886, -0.7939926, -0.1171510,  26.8767046,  18.9615089, 2.314589, 2.424744,  0.9179325,   3.2912599, 312.2300246, -50.0399777, 0.0000000e+00, 0.0000000e+00, 0.0000000e+00, 0.0000000e+00
 260,    58,    26, 103.6184781,  32.8921886, -0.8349265, -0.0925054,  26.8767046,  18.9615089, 2.400886, 2.682478,  0.9702339,   3.2912599, 284.0007434, -35.7895822, 0.0000000e+00, 0.0000000e+00, 0.0000000e+00, 0.0000000e+00
 261,    58,    46, 101.4160078,  32.8921886, -0.9572951, -0.0173697,  26.8767046,  18.9615089, 2.558869, 3.151226,  1.0000000,   3.2912599, 286.9050324, -16.0015611, 0.0000000e+00, 0.0000000e+00, 0.0000000e+00, 0.0000000e+00
 84,   107,    42,  52.1537743,  32.8921886, -0.9200140, -0.0168555,  26.8767046,  18.9615089, 2.701367, 3.028513,  1.0000000,   3.2912599, 237.3183518, -12.7937868, 1.1038576e-01, 1.4269470e-01, 1.8330776e-01, 2.5318283e-01
 280,    88,    36,  72.2947838,  32.8921886, -0.8873229, -0.0529890,  26.8767046,  18.9615089, 2.547724, 2.925613,  1.0000000,   3.2912599, 255.7704249, -21.5390520, 0.0000000e+00, 0.0000000e+00, 0.0000000e+00, 0.0000000e+00
 284,    87,    76,  76.9601321,  32.4379608, -0.9125284,  0.1626208,  26.8755873,  18.9615089, 2.562180, 3.050648,  1.0000000,   3.2912183, 261.5797484, 18.0372990, 0.0000000e+00, 0.0000000e+00, 0.0000000e+00, 0.0000000e+00
 285,    87,    86,  81.2119881,  32.0146300, -0.8329651,  0.1989028,  26.8745149,  18.9615089, 2.464836, 2.818512,  1.0000000,   3.2911784, 263.0326392, 27.9313066, 0.0000000e+00, 0.0000000e+00, 0.0000000e+00, 0.0000000e+00
 282,    87,    56,  71.9375903,  32.8921886, -0.9789445,  0.0521883,  26.8767046,  18.9615089, 2.669242, 3.226536,  1.0000000,   3.2912599, 258.6751480, -1.7508810, 0.0000000e+00, 0.0000000e+00, 0.0000000e+00, 0.0000000e+00
 283,    87,    66,  73.8186495,  32.8736588, -0.9640054,  0.1115185,  26.8766597,  18.9615089, 2.611234, 3.193950,  1.0000000,   3.2912582, 260.1269834,  8.1436302, 0.0000000e+00, 0.0000000e+00, 0.0000000e+00, 0.0000000e+00
 299,   107,    56,  52.1419625,  32.8921886, -0.9685324,  0.0667277,  26.8767046,  18.9615089, 2.762810, 3.195248,  1.0000000,   3.2912599, 238.8874006,  1.1541142, 1.2250800e-01, 1.5836177e-01, 2.0342835e-01, 2.9445063e-01
 286,    87,    96,  86.4088686,  31.6041704, -0.7353804,  0.2172716,  26.8734425,  18.9615089, 2.342845, 2.359771,  0.9350574,   3.2911385, 264.4838238, 37.8254937, 0.0000000e+00, 0.0000000e+00, 0.0000000e+00, 0.0000000e+00
 295,   108,    16,  60.1813663,  32.8921886, -0.5872481, -0.0397604,  26.8767046,  18.9615089, 2.093896, 1.519121,  0.7841792,   3.2912599, 233.0778745, -38.4221036, 7.5971750e-04, 9.9823981e-04, 1.3100740e-03, -6.5271698e-02
 294,   108,     6,  65.9356428,  32.8921886, -0.4333173,  0.0102883,  26.8767046,  18.9615089, 1.869228, 0.924436,  0.6480171,   3.2912599, 231.6254705, -48.3156654, -9.4663512e-03, -1.2227744e-02, -1.5691950e-02, -6.0381565e-02
 252,    48,    36, 111.9780211,  32.8921886, -0.9110763, -0.0622138,  26.8767046,  18.9615089, 2.483115, 3.005572,  1.0000000,   3.2912599, 295.3466713, -27.3476310, 0.0000000e+00, 0.0000000e+00, 0.0000000e+00, 0.0000000e+00
 251,    48,    26, 113.4228797,  32.8921886, -0.8454319, -0.0940695,  26.8767046,  18.9615089, 2.399948, 2.714780,  0.9696654,   3.2912599, 293.8940563, -37.2414122, 0.0000000e+00, 0.0000000e+00, 0.0000000e+00, 0.0000000e+00
 250,    48,    16, 115.7180220,  32.8921886, -0.7650011, -0.1132127,  26.8767046,  18.9615089, 2.297403, 2.309849,  0.9075172,   3.2912599, 292.4423650, -47.1357166, 0.0000000e+00, 0.0000000e+00, 0.0000000e+00, 0.0000000e+00
 253,    48,    46, 111.4152401,  32.8921886, -0.9580139, -0.0202441,  26.8767046,  18.9615089, 2.538317, 3.153777,  1.0000000,   3.2912599, 296.7991411, -17.4535318, 0.0000000e+00, 0.0000000e+00, 0.0000000e+00, 0.0000000e+00
 214,   178,    16,  28.2615584,  19.3658117, -0.0208525,  0.7758727,   3.9364757,  18.9615089, 1.156078, 0.492847,  0.2158048,   2.9424111, 163.8203669, -28.2571617, -1.2226843e-01, -1.5797238e-01, -2.0279143e-01, -6.2441226e-01
 90,    99,    11,  70.0035023,  32.8921886, -0.5504909, -0.0462998,  26.8767046,  18.9615089, 2.040123, 1.366545,  0.7515899,   3.2912599, 240.5468947, -44.8026326, -0.0000000e+00, -0.0000000e+00, -0.0000000e+00, -0.0000000e+00
 350,   178,    26,  18.3691684,  19.7123292, -0.0936867,  0.6201497,   5.3886087,  18.9615089, 1.336870, 0.600462,  0.3253758,   2.9424111, 165.2724999, -18.3624032, -1.0920395e-01, -1.4108756e-01, -1.8110697e-01, -5.7984881e-01
 208,   137,    96,  53.1282668,  31.2750600, -0.2853597, -0.0249329,  26.8725562,  18.9615089, 1.620808, 0.468968,  0.4974593,   3.2911056, 215.0147114, 45.0870341, -7.0392949e-02, -9.0949259e-02, -1.1675402e-01, -3.5672481e-01
 339,   157,   106,  58.5955479,  30.7651416,  0.0475812, -0.4515123,  26.8711294,  18.9615089, 1.141128, 0.308913,  0.2067443,   3.2910525, 196.6788452, 57.8848941, -5.4968689e-02, -7.1023722e-02, -9.1180135e-02, -2.6632405e-01
 321,   138,    46,  21.4514120,  32.8921886, -0.9113610,  0.0283255,  26.8767046,  18.9615089, 3.107842, 3.000974,  1.0000000,   3.2912599, 207.7533108, -4.3841187, 1.8221827e-01, 2.3555286e-01, 3.0259631e-01, 4.1420343e-01
 205,   138,    36,  24.2054236,  32.8921886, -0.7892068,  0.0080468,  26.8767046,  18.9615089, 2.609545, 2.597620,  1.0000000,   3.2912599, 206.3003774, -14.2776389, 1.3325105e-01, 1.7226655e-01, 2.2132040e-01, 2.4717438e-01
 320,   138,    26,  30.1934761,  32.8921886, -0.5895085,  0.0469374,  26.8767046,  18.9615089, 2.051954, 1.476824,  0.7587598,   3.2912599, 204.8479996, -24.1711259, -2.8135335e-03, -3.5862719e-03, -4.5199094e-03, -2.1694707e-01
 298,   108,    46,  51.4242389,  32.8921886, -0.9458456,  0.0048775,  26.8767046,  18.9615089, 2.752666, 3.113065,  1.0000000,   3.2912599, 237.4341738, -8.7402716, 1.2125397e-01, 1.5674222e-01, 2.0135049e-01, 2.8521241e-01
 264,    57,   106, 117.1456261,  31.4022931, -0.7779080,  0.2359815,  26.8729018,  18.9615089, 2.410359, 2.611118,  0.9759748,   3.2911184, 295.6180188, 43.3622136, 0.0000000e+00, 0.0000000e+00, 0.0000000e+00, 0.0000000e+00
 242,    27,    86, 136.9884624,  32.4343607, -0.9545959,  0.1543429,  26.8755783,  18.9615089, 2.513129, 3.182584,  1.0000000,   3.2912180, 322.3958004, 19.2179138, 0.0000000e+00, 0.0000000e+00, 0.0000000e+00, 0.0000000e+00
 241,    27,    76, 134.5074836,  32.8699756, -0.9804249,  0.1116581,  26.8766507,  18.9615089, 2.493784, 3.247690,  1.0000000,   3.2912579, 320.9436133,  9.3238374, 0.0000000e+00, 0.0000000e+00, 0.0000000e+00, 0.0000000e+00
 244,    27,   106, 143.9081076,  31.6008055, -0.8639077,  0.2217920,  26.8734335,  18.9615089, 2.491908, 2.935445,  1.0000000,   3.2911382, 325.3005110, 39.0056491, 0.0000000e+00, 0.0000000e+00, 0.0000000e+00, 0.0000000e+00
 243,    27,    96, 140.1363302,  32.0111367, -0.9149256,  0.1915814,  26.8745059,  18.9615089, 2.511737, 3.076490,  1.0000000,   3.2911781, 323.8478119, 29.1118839, 0.0000000e+00, 0.0000000e+00, 0.0000000e+00, 0.0000000e+00
 134,    72,    30,  88.9959076,  32.8921886, -0.8517965, -0.0785997,  26.8767046,  18.9615089, 2.450104, 2.815394,  1.0000000,   3.2912599, 270.6044629, -29.8367061, 0.0000000e+00, 0.0000000e+00, 0.0000000e+00, 0.0000000e+00
 135,    67,    33,  93.4511208,  32.8921886, -0.8817479, -0.0696867,  26.8767046,  18.9615089, 2.481574, 2.911111,  1.0000000,   3.2912599, 276.0942357, -27.4292592, 0.0000000e+00, 0.0000000e+00, 0.0000000e+00, 0.0000000e+00
 138,    57,    39, 101.9570486,  32.8921886, -0.9242823, -0.0489443,  26.8767046,  18.9615089, 2.518470, 3.046315,  1.0000000,   3.2912599, 286.0939873, -22.9753914, 0.0000000e+00, 0.0000000e+00, 0.0000000e+00, 0.0000000e+00
 139,    54,    41, 104.9053638,  32.8921886, -0.9326476, -0.0435784,  26.8767046,  18.9615089, 2.522522, 3.072935,  1.0000000,   3.2912599, 289.3275993, -22.0203690, 0.0000000e+00, 0.0000000e+00, 0.0000000e+00, 0.0000000e+00
 136,    63,    35,  96.2780679,  32.8921886, -0.8987669, -0.0626549,  26.8767046,  18.9615089, 2.498071, 2.965254,  1.0000000,   3.2912599, 279.5188392, -25.7900397, 0.0000000e+00, 0.0000000e+00, 0.0000000e+00, 0.0000000e+00
 137,    60,    38,  98.9635611,  32.8921886, -0.9132923, -0.0552602,  26.8767046,  18.9615089, 2.511058, 3.011380,  1.0000000,   3.2912599, 282.7205476, -24.1914363, 0.0000000e+00, 0.0000000e+00, 0.0000000e+00, 0.0000000e+00
 226,     7,    86, 156.2771235,  32.5770086, -0.9697145,  0.1378379,  26.8759328,  18.9615089, 2.492751, 3.223635,  1.0000000,   3.2912312, 342.1841172, 16.3132902, 0.0000000e+00, 0.0000000e+00, 0.0000000e+00, 0.0000000e+00
 198,    97,    96,  78.3439780,  31.5376263, -0.6764569,  0.2064580,  26.8732653,  18.9615089, 2.258647, 2.057746,  0.8840287,   3.2911319, 254.5901605, 39.2773454, 0.0000000e+00, 0.0000000e+00, 0.0000000e+00, 0.0000000e+00
 293,    97,   106,  84.8976247,  31.1428327, -0.5590864,  0.1949134,  26.8721929,  18.9615089, 2.111742, 1.549142,  0.7949951,   3.2910920, 256.0421348, 49.1711488, 0.0000000e+00, 0.0000000e+00, 0.0000000e+00, -0.0000000e+00
 177,    18,    36, 141.8571894,  32.8921886, -0.9206285, -0.0647410,  26.8767046,  18.9615089, 2.451978, 3.037511,  1.0000000,   3.2912599, 325.0286822, -31.7041004, 0.0000000e+00, 0.0000000e+00, 0.0000000e+00, 0.0000000e+00
 89,   116,    72,  49.2908972,  32.4443732, -0.8607932,  0.1520360,  26.8756033,  18.9615089, 2.565190, 2.876909,  1.0000000,   3.2912189, 232.8926942, 17.3721549, 1.1538891e-01, 1.4916565e-01, 1.9162632e-01, 2.5046153e-01
 362,   187,    76,  32.5004153,  17.1550272,  0.0018906, -0.8775671,   2.7558397,  18.9615089, 0.997729, 0.309437,  0.1198359,   2.9424111, 162.6397308, 32.5598908, -1.4453440e-01, -1.8674940e-01, -2.3974853e-01, -7.0036232e-01
 361,   187,    66,  22.6365134,  17.7478086, -0.0122492, -0.7849344,   1.3036357,  18.9615089, 1.105316, 0.427420,  0.1850400,   2.9424111, 161.1875268, 22.6661640, -1.3021118e-01, -1.6823776e-01, -2.1597482e-01, -6.5150528e-01
 364,   187,    96,  52.2290568,  16.4044683,  0.0377938, -0.9383733,   5.6606133,  18.9615089, 0.911868, 0.187350,  0.0677990,   2.9424111, 165.5445044, 52.3481846, -9.4396698e-02, -1.2197073e-01, -1.5659100e-01, -4.4481755e-01
 363,   187,    86,  42.3652555,  16.7031993,  0.0208975, -0.9187010,   4.2077690,  18.9615089, 0.943410, 0.235010,  0.0869152,   2.9424111, 164.0916602, 42.4545587, -1.4146211e-01, -1.8278264e-01, -2.3466096e-01, -6.7353475e-01
 365,   187,   106,  62.0934428,  16.2668014,  0.0516348, -0.9483812,   7.1130245,  18.9615089, 0.891912, 0.155674,  0.0557042,   2.9424111, 166.9969156, 62.2423969, -4.3011973e-02, -5.5576432e-02, -7.1351839e-02, -2.0136296e-01
 268,    67,    56,  91.8223998,  32.8921886, -0.9826714,  0.0391576,  26.8767046,  18.9615089, 2.605331, 3.236794,  1.0000000,   3.2912599, 278.4635614, -4.6551809, 0.0000000e+00, 0.0000000e+00, 0.0000000e+00, 0.0000000e+00
 342,   168,    36,   9.9330469,  25.2903596, -0.5054319,  0.2197493,  16.7350968,  18.9615089, 1.872685, 1.054267,  0.6501122,   2.9424111, 176.6189880, -9.9205305, -5.4111968e-02, -6.9885484e-02, -8.9665169e-02, -3.9192797e-01
 267,    68,    46,  91.4167835,  32.8921886, -0.9563026, -0.0140953,  26.8767046,  18.9615089, 2.583253, 3.147782,  1.0000000,   3.2912599, 277.0108457, -14.5489588, 0.0000000e+00, 0.0000000e+00, 0.0000000e+00, 0.0000000e+00
 266,    68,    36,  92.1027179,  32.8921886, -0.9015135, -0.0589384,  26.8767046,  18.9615089, 2.511237, 2.973449,  1.0000000,   3.2912599, 275.5591858, -24.4432519, 0.0000000e+00, 0.0000000e+00, 0.0000000e+00, 0.0000000e+00
 265,    68,    26,  93.8543081,  32.8921886, -0.8224613, -0.0900123,  26.8767046,  18.9615089, 2.400358, 2.641169,  0.9699138,   3.2912599, 274.1068554, -34.3367671, 0.0000000e+00, 0.0000000e+00, 0.0000000e+00, 0.0000000e+00
 341,   168,    26,  19.8206664,  24.3532013, -0.2501777,  0.4488175,  15.2820023,  18.9615089, 1.379225, 0.530750,  0.3510454,   2.9424111, 175.1658935, -19.8143969, -1.1766696e-01, -1.5202534e-01, -1.9515389e-01, -6.0871646e-01
 340,   168,    16,  29.7128899,  23.4697860, -0.0834232,  0.6349295,  13.8308364,  18.9615089, 1.184867, 0.439514,  0.2332529,   2.9424111, 173.7147275, -29.7087081, -1.2874301e-01, -1.6634026e-01, -2.1353794e-01, -6.4649728e-01
 269,    67,    66,  93.3039256,  32.8921886, -0.9794132,  0.0945317,  26.8767046,  18.9615089, 2.575619, 3.238483,  1.0000000,   3.2912599, 279.9160101,  5.2385896, 0.0000000e+00, 0.0000000e+00, 0.0000000e+00, 0.0000000e+00
 200,   118,    36,  42.9207010,  32.8921886, -0.8473817, -0.0313024,  26.8767046,  18.9615089, 2.616925, 2.790856,  1.0000000,   3.2912599, 226.0889696, -17.1818827, 1.4145313e-01, 1.8286223e-01, 2.3491962e-01, 2.9533888e-01
 289,    98,    26,  64.9938825,  32.8921886, -0.7665553, -0.0715124,  26.8767046,  18.9615089, 2.375874, 2.420054,  0.9550753,   3.2912599, 244.4247635, -29.9799939, 1.8638527e-02, 2.4097181e-02, 3.0961300e-02, 2.8976105e-02
 306,   118,    46,  41.4299526,  32.8921886, -0.9393467,  0.0117284,  26.8767046,  18.9615089, 2.831267, 3.091875,  1.0000000,   3.2912599, 227.5414842, -7.2877717, 1.8404218e-01, 2.3790773e-01, 3.0561649e-01, 4.3030821e-01
 194,    98,    16,  68.9200679,  32.8921886, -0.6325464, -0.0657316,  26.8767046,  18.9615089, 2.160875, 1.726319,  0.8247724,   3.2912599, 242.9723607, -39.8743620, 9.8904148e-04, 1.2800586e-03, 1.6470130e-03, -4.0904731e-03
 199,   118,    16,  51.9005603,  32.8921886, -0.5314451, -0.0013676,  26.8767046,  18.9615089, 1.998538, 1.270545,  0.7263869,   3.2912599, 223.1840922, -36.9695629, -1.6805846e-02, -2.1690075e-02, -2.7803885e-02, -1.8242267e-01
 288,    98,     6,  73.9979908,  32.8921886, -0.4913610, -0.0317813,  26.8767046,  18.9615089, 1.958394, 1.137737,  0.7020570,   3.2912599, 241.5197919, -49.7683091, -0.0000000e+00, -0.0000000e+00, -0.0000000e+00, -0.0000000e+00
 305,   118,    26,  46.5608502,  32.8921886, -0.7013804, -0.0373491,  26.8767046,  18.9615089, 2.300403, 2.102106,  0.9093350,   3.2912599, 224.6364225, -27.0755613, 5.7110017e-02, 7.3849293e-02, 9.4908534e-02, 3.2800842e-02
 222,     8,    46, 151.4122523,  32.8921886, -0.9593852, -0.0289047,  26.8767046,  18.9615089, 2.480702, 3.159019,  1.0000000,   3.2912599, 336.3743118, -23.2627955, 0.0000000e+00, 0.0000000e+00, 0.0000000e+00, 0.0000000e+00
 221,     8,    36, 151.8274282,  32.8921886, -0.9230000, -0.0652349,  26.8767046,  18.9615089, 2.443725, 3.033829,  0.9961971,   3.2912599, 334.9224900, -33.1567875, 0.0000000e+00, 0.0000000e+00, 0.0000000e+00, 0.0000000e+00
 220,     8,    26, 152.8971369,  32.8921886, -0.8745979, -0.0955161,  26.8767046,  18.9615089, 2.390520, 2.791260,  0.9639512,   3.2912599, 333.4707615, -43.0512863, 0.0000000e+00, 0.0000000e+00, 0.0000000e+00, 0.0000000e+00
 201,   117,    56,  42.3161724,  32.8921886, -0.9579433,  0.0734652,  26.8767046,  18.9615089, 2.825603, 3.162098,  1.0000000,   3.2912599, 228.9935005,  2.6060913, 1.8620026e-01, 2.4069541e-01, 3.0919405e-01, 4.4379477e-01
 87,   103,    21,  62.4481088,  32.8921886, -0.6718262, -0.0624554,  26.8767046,  18.9615089, 2.226953, 1.920496,  0.8648199,   3.2912599, 238.4937397, -34.9742709, 1.2850348e-02, 1.6620656e-02, 2.1366797e-02, -8.3631308e-03
 195,    98,    36,  62.4367818,  32.8921886, -0.8774027, -0.0481953,  26.8767046,  18.9615089, 2.569619, 2.892114,  1.0000000,   3.2912599, 245.8760206, -20.0865570, 4.2606786e-02, 5.5078543e-02, 7.0756658e-02, 9.3058920e-02
 49,   128,    28,  36.8697598,  32.8921886, -0.6763211, -0.0079178,  26.8767046,  18.9615089, 2.261418, 1.971675,  0.8857078,   3.2912599, 214.5393136, -24.2378534, 5.7261334e-02, 7.4055793e-02, 9.5192494e-02, -1.2029421e-02
 287,    87,   106,  92.3936592,  31.2071217, -0.6293229,  0.2177712,  26.8723701,  18.9615089, 2.214995, 1.879511,  0.8575730,   3.2910986, 265.9363476, 47.7191407, 0.0000000e+00, 0.0000000e+00, 0.0000000e+00, -0.0000000e+00
 277,    77,    86,  90.1320311,  32.0836995, -0.8671013,  0.1949669,  26.8746921,  18.9615089, 2.497384, 2.925041,  1.0000000,   3.2911850, 272.9257519, 26.4795178, 0.0000000e+00, 0.0000000e+00, 0.0000000e+00, 0.0000000e+00
 275,    78,    46,  81.4184507,  32.8921886, -0.9549106, -0.0103477,  26.8767046,  18.9615089, 2.612630, 3.143044,  1.0000000,   3.2912599, 267.1171565, -13.0972811, 0.0000000e+00, 0.0000000e+00, 0.0000000e+00, 0.0000000e+00
 191,    77,    56,  81.8723529,  32.8921886, -0.9813148,  0.0454103,  26.8767046,  18.9615089, 2.634437, 3.233218,  1.0000000,   3.2912599, 268.5687494, -3.2030753, 0.0000000e+00, 0.0000000e+00, 0.0000000e+00, 0.0000000e+00
 276,    77,    66,  83.5307432,  32.8921886, -0.9730801,  0.1029311,  26.8767046,  18.9615089, 2.591846, 3.220527,  1.0000000,   3.2912599, 270.0214640,  6.6906193, 0.0000000e+00, 0.0000000e+00, 0.0000000e+00, 0.0000000e+00
 192,    77,    76,  86.3196939,  32.5091106, -0.9330173,  0.1547033,  26.8757645,  18.9615089, 2.562083, 3.112696,  1.0000000,   3.2912249, 271.4731254, 16.5855028, 0.0000000e+00, 0.0000000e+00, 0.0000000e+00, 0.0000000e+00
 47,    97,     2,  76.5442113,  32.8921886, -0.4374030, -0.0125565,  26.8767046,  18.9615089, 1.886886, 0.948687,  0.6587189,   3.2912599, 241.2228477, -53.7831843, -0.0000000e+00, -0.0000000e+00, -0.0000000e+00, -0.0000000e+00
 355,   188,     6,  36.7007282,  20.3579743,  0.0038596,  0.8088250,   7.4100132,  18.9615089, 1.088977, 0.416813,  0.1751374,   2.9424111, 152.4738779, -36.6973426, -1.3149885e-01, -1.6990198e-01, -2.1811210e-01, -6.5589756e-01
 249,    37,   106, 134.8367387,  31.5342504, -0.8401972,  0.2281450,  26.8732563,  18.9615089, 2.473375, 2.865329,  1.0000000,   3.2911316, 315.4069726, 40.4582294, 0.0000000e+00, 0.0000000e+00, 0.0000000e+00, 0.0000000e+00
 185,    37,    96, 130.8039836,  31.9423962, -0.8980710,  0.1997382,  26.8743286,  18.9615089, 2.506613, 3.027926,  1.0000000,   3.2911715, 313.9538154, 30.5646201, 0.0000000e+00, 0.0000000e+00, 0.0000000e+00, 0.0000000e+00
 248,    37,    86, 127.4259414,  32.3635646, -0.9441529,  0.1630271,  26.8754011,  18.9615089, 2.520295, 3.153390,  1.0000000,   3.2912114, 312.5014029, 20.6697246, 0.0000000e+00, 0.0000000e+00, 0.0000000e+00, 0.0000000e+00
 184,    37,    76, 124.7556257,  32.7971433, -0.9753214,  0.1196773,  26.8764735,  18.9615089, 2.510696, 3.234104,  1.0000000,   3.2912513, 311.0490466, 10.7761720, 0.0000000e+00, 0.0000000e+00, 0.0000000e+00, 0.0000000e+00
 247,    37,    66, 122.8414308,  32.8921886, -0.9890171,  0.0721333,  26.8767046,  18.9615089, 2.532214, 3.263758,  1.0000000,   3.2912599, 309.5978485,  0.8820275, 0.0000000e+00, 0.0000000e+00, 0.0000000e+00, 0.0000000e+00
 314,   127,    56,  32.5962351,  32.8921886, -0.9403399,  0.0779209,  26.8767046,  18.9615089, 2.899384, 3.105510,  1.0000000,   3.2912599, 219.0993365,  4.0585586, 1.9490896e-01, 2.5195458e-01, 3.2366035e-01, 4.5749186e-01
 91,    99,     8,  71.3779935,  32.8921886, -0.5130043, -0.0356527,  26.8767046,  18.9615089, 1.987171, 1.217752,  0.7194974,   3.2912599, 240.1471408, -47.3755873, -0.0000000e+00, -0.0000000e+00, -0.0000000e+00, -0.0000000e+00
 44,   105,    36,  54.8388513,  32.8921886, -0.8670558, -0.0433404,  26.8767046,  18.9615089, 2.586681, 2.857269,  1.0000000,   3.2912599, 238.1909894, -19.0253971, 8.3271312e-02, 1.0764692e-01, 1.3828972e-01, 1.7925279e-01
 311,   128,    26,  37.9449466,  32.8921886, -0.6533905, -0.0048759,  26.8767046,  18.9615089, 2.211627, 1.839853,  0.8555314,   3.2912599, 214.7423299, -25.6240714, 4.1258114e-02, 5.3372884e-02, 6.8630313e-02, -6.6617009e-02
 310,   128,    16,  44.3348793,  32.8921886, -0.4626239,  0.0557782,  26.8767046,  18.9615089, 1.863606, 0.988601,  0.6446099,   3.2912599, 213.2902134, -35.5177760, -5.3112934e-02, -6.8601536e-02, -8.8028645e-02, -3.5855899e-01
 313,   128,    46,  31.4367982,  32.8921886, -0.9289396,  0.0196252,  26.8767046,  18.9615089, 2.941859, 3.058064,  1.0000000,   3.2912599, 217.6469697, -5.8357259, 1.8914896e-01, 2.4451023e-01, 3.1409989e-01, 4.3784428e-01
 312,   128,    36,  33.3770289,  32.8921886, -0.8236048, -0.0160388,  26.8767046,  18.9615089, 2.631678, 2.711211,  1.0000000,   3.2912599, 216.1943789, -15.7299071, 1.4704107e-01, 1.9008908e-01, 2.4420911e-01, 2.9421267e-01
 41,    24,     8, 140.4850194,  32.8921886, -0.7367945, -0.1277844,  26.8767046,  18.9615089, 2.244501, 2.154654,  0.8754549,   3.2912599, 314.4073845, -58.6693234, 0.0000000e+00, 0.0000000e+00, 0.0000000e+00, 0.0000000e+00