 ID     X      Y      Rrup         D           Rfn         Rfp          s            h          ctildepr    IDP          C          S            U            T         fD 2.00s        fD 3.00s        fD 5.00s        fD 10.00s    
 217,   177,    76,  31.0521991, 166.6105854, -0.9068374,  0.1980345, 165.7464287,  18.8638056, 2.385746, 3.851469,  0.9610579,   4.3174881, 172.5339031, 31.1072956, 2.8546836e-01, 3.6899552e-01, 4.7397105e-01, 7.6639341e-01
 216,   177,    56,  11.3248948, 163.8870935, -0.9768012,  0.1205112, 162.8415728,  18.8638056, 3.157392, 4.249302,  1.0000000,   4.3174881, 169.6290472, 11.3203431, 3.3376531e-01, 4.3141555e-01, 5.5413444e-01, 9.3113613e-01
 352,   177,    66,  21.1882978, 165.2461811, -0.9484130,  0.1621228, 164.2938948,  18.8638056, 2.702443, 4.154158,  1.0000000,   4.3174881, 171.0813692, 21.2135694, 3.2221472e-01, 4.1648731e-01, 5.3496274e-01, 8.9173662e-01
 215,   178,    36,   8.4825313, 161.0460685, -0.9864798,  0.0287871, 159.9374660,  18.8638056, 3.328369, 4.260928,  1.0000000,   4.3174881, 166.7249404, -8.4678712, 3.3517664e-01, 4.3323958e-01, 5.5647696e-01, 9.3595022e-01
 351,   178,    46,   1.5103902, 162.4884367, -0.9899479,  0.0752223, 161.3897423,  18.8638056, 3.861359, 4.286410,  1.0000000,   4.3174881, 168.1772167,  1.4257576, 3.3827015e-01, 4.3723770e-01, 5.6161157e-01, 9.4650229e-01
 257,    47,    86, 117.9367205, 180.8504009, -0.9777578,  0.1362102, 179.9716406,  18.8638056, 3.861741, 4.262224,  1.0000000,   4.3174881, 302.6076666, 22.1222821, 0.0000000e+00, 0.0000000e+00, 0.0000000e+00, 0.0000000e+00
 256,    47,    76, 115.0481218, 180.9284552, -0.9887102,  0.1083255, 179.9727130,  18.8638056, 3.932272, 4.294289,  1.0000000,   4.3174881, 301.1562858, 12.2283665, 0.0000000e+00, 0.0000000e+00, 0.0000000e+00, 0.0000000e+00
 347,   167,    86,  39.4684369, 177.8407935, -0.8753227,  0.2199126, 177.0929428,  18.8638056, 2.234135, 3.386854,  0.8691727,   4.3174881, 183.8804173, 39.5489811, 2.2906406e-01, 2.9609737e-01, 3.8035105e-01, 5.7399618e-01
 255,    47,    66, 112.9682610, 180.9590218, -0.9945626,  0.0794842, 179.9731214,  18.8638056, 3.967174, 4.307703,  1.0000000,   4.3174881, 299.7036402,  2.3341417, 0.0000000e+00, 0.0000000e+00, 0.0000000e+00, 0.0000000e+00
 254,    47,    56, 111.7472957, 180.9590218, -0.9950902,  0.0501704, 179.9731214,  18.8638056, 3.959301, 4.301747,  1.0000000,   4.3174881, 298.2507476, -7.5601347, 0.0000000e+00, 0.0000000e+00, 0.0000000e+00, 0.0000000e+00
 344,   167,    56,   9.8764363, 173.7340391, -0.9814141,  0.1127426, 172.7360276,  18.8638056, 3.276181, 4.265111,  1.0000000,   4.3174881, 179.5235021,  9.8675049, 3.3568449e-01, 4.3389593e-01, 5.5731988e-01, 9.3768250e-01
 343,   168,    46,   0.4992125, 172.3197516, -0.9912761,  0.0689473, 171.2841313,  18.8638056, 3.959207, 4.290163,  1.0000000,   4.3174881, 178.0716057, -0.0268157, 3.3872573e-01, 4.3782651e-01, 5.6236776e-01, 9.4805632e-01
 346,   167,    76,  29.6043621, 176.4666909, -0.9216176,  0.1898131, 175.6401227,  18.8638056, 2.476551, 4.062589,  1.0000000,   4.3174881, 182.4275971, 29.6550810, 3.1109827e-01, 4.0212018e-01, 5.1651163e-01, 8.5381800e-01
 258,    47,    96, 121.5777089, 180.7755601, -0.9620094,  0.1626987, 179.9705682,  18.8638056, 3.759455, 4.212446,  1.0000000,   4.3174881, 304.0602716, 32.0156098, 0.0000000e+00, 0.0000000e+00, 0.0000000e+00, 0.0000000e+00
 345,   167,    66,  19.7407577, 175.0974682, -0.9576525,  0.1536392, 174.1875511,  18.8638056, 2.805787, 4.187526,  1.0000000,   4.3174881, 180.9750255, 19.7616525, 3.2626564e-01, 4.2172281e-01, 5.4168647e-01, 9.0555447e-01
 88,   102,    16,  65.5523885, 180.9590218, -0.9375753, -0.0617031, 179.9731214,  18.8638056, 3.274968, 4.056727,  1.0000000,   4.3174881, 238.8568467, -39.7850196, 4.6015972e-02, 5.9479456e-02, 7.6399655e-02, 1.2622182e-01
 336,   158,    46,   1.9712118, 180.9590218, -0.9921416,  0.0631455, 179.9731214,  18.8638056, 3.938774, 4.292227,  1.0000000,   4.3174881, 187.9650782, -1.4786494, 3.3897633e-01, 4.3815037e-01, 5.6278369e-01, 9.4891109e-01
 210,   158,    36,  11.3835062, 180.7127441, -0.9858014,  0.0204672, 179.7254927,  18.8638056, 3.223567, 4.257103,  1.0000000,   4.3174881, 186.5129671, -11.3725863, 3.3471229e-01, 4.3263945e-01, 5.5570624e-01, 9.3436632e-01
 335,   158,    26,  21.2728674, 179.2678845, -0.9657728, -0.0205399, 178.2726318,  18.8638056, 2.774707, 4.170656,  1.0000000,   4.3174881, 185.0601062, -21.2670260, 3.2421759e-01, 4.1907587e-01, 5.3828711e-01, 8.9856850e-01
 209,   158,    16,  31.1647096, 177.8242054, -0.9325071, -0.0578300, 176.8208270,  18.8638056, 2.449159, 4.031768,  0.9994905,   4.3174881, 183.6083014, -31.1607225, 3.0735661e-01, 3.9728437e-01, 5.1030122e-01, 8.4105505e-01
 176,    18,    16, 144.8274252, 180.9590218, -0.9441811, -0.0616696, 179.9731214,  18.8638056, 3.569801, 4.085177,  1.0000000,   4.3174881, 322.1241591, -51.4921386, 0.0000000e+00, 0.0000000e+00, 0.0000000e+00, 0.0000000e+00
 229,    18,     6, 147.3111653, 180.9590218, -0.9208356, -0.0838298, 179.9731214,  18.8638056, 3.426347, 3.992137,  1.0000000,   4.3174881, 320.6714753, -61.3857252, 0.0000000e+00, 0.0000000e+00, 0.0000000e+00, 0.0000000e+00
 319,   127,   106,  66.4880358, 180.6141532, -0.8537771,  0.2398335, 179.9680779,  18.8638056, 2.746140, 3.828849,  1.0000000,   4.3174881, 226.3605291, 53.5277549, 3.3097010e-02, 4.2781149e-02, 5.4952053e-02, 8.8621629e-02
 230,    18,    26, 143.0007888, 180.9590218, -0.9633839, -0.0377722, 179.9731214,  18.8638056, 3.699459, 4.162594,  1.0000000,   4.3174881, 323.5762886, -41.5985974, 0.0000000e+00, 0.0000000e+00, 0.0000000e+00, 0.0000000e+00
 66,    21,    43, 137.9825165, 180.9590218, -0.9860280,  0.0060606, 179.9731214,  18.8638056, 3.870060, 4.257245,  1.0000000,   4.3174881, 322.5628126, -24.4271217, 0.0000000e+00, 0.0000000e+00, 0.0000000e+00, 0.0000000e+00
 300,   107,    66,  54.7072236, 180.9291208, -0.9863062,  0.1103059, 179.9727219,  18.8638056, 3.905684, 4.284913,  1.0000000,   4.3174881, 240.3390912, 11.0479847, 1.7234373e-01, 2.2276627e-01, 2.8613298e-01, 4.8217240e-01
 281,    88,    46,  71.4198370, 180.9590218, -0.9919908,  0.0327291, 179.9731214,  18.8638056, 3.925506, 4.285239,  1.0000000,   4.3174881, 257.2230372, -11.6442673, 0.0000000e+00, 0.0000000e+00, 0.0000000e+00, 0.0000000e+00
 296,   108,    26,  55.6420252, 180.9590218, -0.9649540, -0.0288483, 179.9731214,  18.8638056, 3.525969, 4.168039,  1.0000000,   4.3174881, 234.5303861, -28.5277690, 1.5501821e-01, 2.0037284e-01, 2.5737138e-01, 4.2953547e-01
 297,   108,    36,  52.6337149, 180.9590218, -0.9830773,  0.0048124, 179.9731214,  18.8638056, 3.773981, 4.244475,  1.0000000,   4.3174881, 235.9828412, -18.6341085, 1.9286957e-01, 2.4929776e-01, 3.2021218e-01, 5.3785542e-01
 231,    18,    46, 141.4126600, 180.9590218, -0.9886351,  0.0137432, 179.9731214,  18.8638056, 3.892290, 4.268833,  1.0000000,   4.3174881, 326.4803705, -21.8100085, 0.0000000e+00, 0.0000000e+00, 0.0000000e+00, 0.0000000e+00
 279,    88,    26,  74.5145691, 180.9590218, -0.9645826, -0.0313367, 179.9731214,  18.8638056, 3.600442, 4.166771,  1.0000000,   4.3174881, 254.3190654, -31.4328762, 0.0000000e+00, 0.0000000e+00, 0.0000000e+00, 0.0000000e+00
 178,    17,    56, 141.6753629, 180.9590218, -0.9944872,  0.0405641, 179.9731214,  18.8638056, 3.944978, 4.297257,  1.0000000,   4.3174881, 327.9330324, -11.9165048, 0.0000000e+00, 0.0000000e+00, 0.0000000e+00, 0.0000000e+00
 85,   110,    51,  49.3280184, 180.9590218, -0.9941420,  0.0571526, 179.9731214,  18.8638056, 3.976434, 4.299283,  1.0000000,   4.3174881, 235.9322187, -3.8931231, 2.3416737e-01, 3.0267745e-01, 3.8877489e-01, 6.5587591e-01
 232,    17,    66, 142.6394054, 180.9590218, -0.9958111,  0.0675579, 179.9731214,  18.8638056, 3.964494, 4.309285,  1.0000000,   4.3174881, 329.3847883, -2.0226668, 0.0000000e+00, 0.0000000e+00, 0.0000000e+00, 0.0000000e+00
 219,     8,    16, 154.6066173, 180.9590218, -0.9445917, -0.0617689, 179.9731214,  18.8638056, 3.584033, 4.086974,  1.0000000,   4.3174881, 332.0182094, -52.9450971, 0.0000000e+00, 0.0000000e+00, 0.0000000e+00, 0.0000000e+00
 179,    17,    76, 144.2929871, 180.9590218, -0.9926812,  0.0943310, 179.9731214,  18.8638056, 3.950759, 4.305197,  1.0000000,   4.3174881, 330.8378297,  7.8719951, 0.0000000e+00, 0.0000000e+00, 0.0000000e+00, 0.0000000e+00
 240,    27,    66, 132.7325096, 180.9590218, -0.9955229,  0.0713207, 179.9731214,  18.8638056, 3.966151, 4.309174,  1.0000000,   4.3174881, 319.4909426, -0.5706710, 0.0000000e+00, 0.0000000e+00, 0.0000000e+00, 0.0000000e+00
 239,    27,    56, 131.6963224, 180.9590218, -0.9947402,  0.0435882, 179.9731214,  18.8638056, 3.949619, 4.298900,  1.0000000,   4.3174881, 318.0395751, -10.4643410, 0.0000000e+00, 0.0000000e+00, 0.0000000e+00, 0.0000000e+00
 238,    28,    46, 131.4140810, 180.9590218, -0.9891466,  0.0159944, 179.9731214,  18.8638056, 3.896116, 4.271187,  1.0000000,   4.3174881, 316.5873184, -20.3576594, 0.0000000e+00, 0.0000000e+00, 0.0000000e+00, 0.0000000e+00
 237,    28,    36, 131.8914611, 180.9590218, -0.9787254, -0.0110229, 179.9731214,  18.8638056, 3.808414, 4.225903,  1.0000000,   4.3174881, 315.1347254, -30.2521381, 0.0000000e+00, 0.0000000e+00, 0.0000000e+00, 0.0000000e+00
 236,    28,    26, 133.1205592, 180.9590218, -0.9635428, -0.0370161, 179.9731214,  18.8638056, 3.691885, 4.163153,  1.0000000,   4.3174881, 313.6824655, -40.1456568, 0.0000000e+00, 0.0000000e+00, 0.0000000e+00, 0.0000000e+00
 158,    96,    41,  62.9590731, 180.9590218, -0.9885273,  0.0193918, 179.9731214,  18.8638056, 3.872061, 4.268776,  1.0000000,   4.3174881, 247.8696318, -15.1420644, 7.8888748e-02, 1.0196927e-01, 1.3097493e-01, 2.2042797e-01
 159,    98,    40,  61.1940919, 180.9590218, -0.9868068,  0.0140306, 179.9731214,  18.8638056, 3.845117, 4.260957,  1.0000000,   4.3174881, 245.6602447, -16.5921592, 9.8385540e-02, 1.2717029e-01, 1.6334458e-01, 2.7473330e-01
 160,   101,    38,  58.8310421, 180.9590218, -0.9853943,  0.0101878, 179.9731214,  18.8638056, 3.821250, 4.254656,  1.0000000,   4.3174881, 242.9119965, -17.5460313, 1.2450230e-01, 1.6092810e-01, 2.0670506e-01, 3.4748596e-01
 161,   103,    37,  56.7880157, 180.9590218, -0.9841321,  0.0070185, 179.9731214,  18.8638056, 3.799003, 4.249087,  1.0000000,   4.3174881, 240.5127051, -18.3123178, 1.4697853e-01, 1.8998026e-01, 2.4402136e-01, 4.1003249e-01
 128,    90,    39,  69.0593516, 180.9590218, -0.9853444,  0.0089951, 179.9731214,  18.8638056, 3.832927, 4.254390,  1.0000000,   4.3174881, 253.2662759, -18.5994642, 1.0484559e-02, 1.3552039e-02, 1.7406998e-02, 2.9261779e-02
 162,    76,    26,  85.8848064, 180.9590218, -0.9638348, -0.0334057, 179.9731214,  18.8638056, 3.623526, 4.163844,  1.0000000,   4.3174881, 265.8845264, -33.3969323, 0.0000000e+00, 0.0000000e+00, 0.0000000e+00, 0.0000000e+00
 163,    78,    28,  82.9778774, 180.9590218, -0.9683476, -0.0264205, 179.9731214,  18.8638056, 3.661656, 4.182385,  1.0000000,   4.3174881, 263.8085362, -30.8008851, 0.0000000e+00, 0.0000000e+00, 0.0000000e+00, 0.0000000e+00
 164,    81,    30,  79.7908997, 180.9590218, -0.9721741, -0.0198973, 179.9731214,  18.8638056, 3.694772, 4.198229,  1.0000000,   4.3174881, 261.3297743, -28.3862078, 0.0000000e+00, 0.0000000e+00, 0.0000000e+00, 0.0000000e+00
 165,    85,    34,  75.4718874, 180.9590218, -0.9789261, -0.0068344, 179.9731214,  18.8638056, 3.762086, 4.226605,  1.0000000,   4.3174881, 258.3458090, -23.9021870, 0.0000000e+00, 0.0000000e+00, 0.0000000e+00, 0.0000000e+00
 166,    87,    35,  72.4888597, 180.9590218, -0.9806843, -0.0027935, 179.9731214,  18.8638056, 3.778408, 4.234110,  1.0000000,   4.3174881, 255.6954027, -22.4138057, 0.0000000e+00, 0.0000000e+00, 0.0000000e+00, 0.0000000e+00
 150,    63,    52,  95.8787737, 180.9590218, -0.9941380,  0.0430520, 179.9731214,  18.8638056, 3.951061, 4.296202,  1.0000000,   4.3174881, 282.1748860, -9.4129678, 0.0000000e+00, 0.0000000e+00, 0.0000000e+00, 0.0000000e+00
 151,    68,    50,  90.6551289, 180.9590218, -0.9935608,  0.0394537, 179.9731214,  18.8638056, 3.944646, 4.293068,  1.0000000,   4.3174881, 276.8189255, -10.3730977, 0.0000000e+00, 0.0000000e+00, 0.0000000e+00, 0.0000000e+00
 149,    60,    54,  99.5346947, 180.9590218, -0.9946280,  0.0469931, 179.9731214,  18.8638056, 3.956736, 4.299085,  1.0000000,   4.3174881, 285.9510432, -8.2560345, 0.0000000e+00, 0.0000000e+00, 0.0000000e+00, 0.0000000e+00
 154,    82,    48,  76.5493427, 180.9590218, -0.9928432,  0.0367765, 179.9731214,  18.8638056, 3.937492, 4.289529,  1.0000000,   4.3174881, 262.5644590, -10.6455484, 0.0000000e+00, 0.0000000e+00, 0.0000000e+00, 0.0000000e+00
 155,    86,    46,  72.6086022, 180.9590218, -0.9919938,  0.0325876, 179.9731214,  18.8638056, 3.925517, 4.285232,  1.0000000,   4.3174881, 258.4120314, -11.7402045, 0.0000000e+00, 0.0000000e+00, 0.0000000e+00, 0.0000000e+00
 152,    74,    49,  84.8395561, 180.9590218, -0.9932719,  0.0383101, 179.9731214,  18.8638056, 3.942000, 4.291628,  1.0000000,   4.3174881, 270.9455532, -10.5068895, 0.0000000e+00, 0.0000000e+00, 0.0000000e+00, 0.0000000e+00
 153,    79,    49,  80.2352271, 180.9590218, -0.9931015,  0.0378557, 179.9731214,  18.8638056, 3.940548, 4.290818,  1.0000000,   4.3174881, 266.3088723, -10.4649357, 0.0000000e+00, 0.0000000e+00, 0.0000000e+00, 0.0000000e+00
 156,    90,    44,  69.1530197, 180.9590218, -0.9907289,  0.0270999, 179.9731214,  18.8638056, 3.906892, 4.279060,  1.0000000,   4.3174881, 254.6378042, -13.2127296, 9.5250805e-03, 1.2311833e-02, 1.5813985e-02, 2.6636365e-02
 157,    93,    43,  65.7073317, 180.9590218, -0.9898962,  0.0240988, 179.9731214,  18.8638056, 3.893741, 4.275131,  1.0000000,   4.3174881, 250.9747465, -13.9193317, 4.8206797e-02, 6.2310667e-02, 8.0035216e-02, 1.3476572e-01
 193,    77,    96,  94.8434792, 180.7396387, -0.9448790,  0.1817054, 179.9700365,  18.8638056, 3.598972, 4.154252,  1.0000000,   4.3174881, 274.3785785, 36.3727463, 0.0000000e+00, 0.0000000e+00, 0.0000000e+00, 0.0000000e+00
 278,    77,   106, 100.3267629, 180.6695996, -0.9184511,  0.2066946, 179.9689641,  18.8638056, 3.426080, 4.064578,  1.0000000,   4.3174881, 275.8302521, 46.2667948, 0.0000000e+00, 0.0000000e+00, 0.0000000e+00, 0.0000000e+00
 228,     7,   106, 162.3790575, 180.7509144, -0.9625677,  0.1641531, 179.9702047,  18.8638056, 3.789285, 4.215873,  1.0000000,   4.3174881, 345.0884564, 36.1017231, 0.0000000e+00, 0.0000000e+00, 0.0000000e+00, 0.0000000e+00
 43,    77,    46,  81.5000415, 180.9590218, -0.9915208,  0.0292148, 179.9731214,  18.8638056, 3.918948, 4.282737,  1.0000000,   4.3174881, 267.1857397, -13.1834930, 0.0000000e+00, 0.0000000e+00, 0.0000000e+00, 0.0000000e+00
 356,   188,    16,  26.8083098, 148.3430028, -0.9265035, -0.0552592, 147.1387214,  18.8638056, 2.425131, 3.946879,  0.9849281,   4.3174881, 153.9261958, -26.8036748, 2.9705116e-01, 3.8396538e-01, 4.9319620e-01, 8.0590275e-01
 309,   117,   106,  71.7611471, 180.6250685, -0.8702239,  0.2334387, 179.9682551,  18.8638056, 2.924226, 3.890014,  1.0000000,   4.3174881, 236.2545277, 52.0752720, 0.0000000e+00, 0.0000000e+00, 0.0000000e+00, 0.0000000e+00
 357,   188,    26,  16.9171155, 149.7833584, -0.9658983, -0.0133485, 148.5907510,  18.8638056, 2.816301, 4.170652,  1.0000000,   4.3174881, 155.3782254, -16.9097695, 3.2421721e-01, 4.1907537e-01, 5.3828648e-01, 8.9856719e-01
 358,   188,    36,   7.0340925, 151.2239965, -0.9865842,  0.0335292, 150.0428404,  18.8638056, 3.394716, 4.262025,  1.0000000,   4.3174881, 156.8303148, -7.0164067, 3.3530981e-01, 4.3341170e-01, 5.5669800e-01, 9.3640448e-01
 359,   188,    46,   2.9213490, 152.6657013, -0.9880016,  0.0820014, 151.4957860,  18.8638056, 3.721192, 4.280352,  1.0000000,   4.3174881, 158.2832604,  2.8785041, 3.3753475e-01, 4.3628725e-01, 5.6039095e-01, 9.4399382e-01
 360,   187,    56,  12.7716966, 154.0470591, -0.9708608,  0.1287288, 152.9478480,  18.8638056, 3.035115, 4.228366,  1.0000000,   4.3174881, 159.7353224, 12.7715195, 3.3122364e-01, 4.2813063e-01, 5.4991576e-01, 9.2246638e-01
 307,   117,    66,  45.4388124, 180.9159967, -0.9835972,  0.1165695, 179.9725447,  18.8638056, 3.863812, 4.276388,  1.0000000,   4.3174881, 230.4453288, 12.5000303, 2.7594784e-01, 3.5668192e-01, 4.5814166e-01, 7.7150979e-01
 202,   117,    76,  50.3754940, 180.8384424, -0.9659336,  0.1506283, 179.9714723,  18.8638056, 3.651827, 4.220809,  1.0000000,   4.3174881, 231.8972801, 22.3943685, 2.1606990e-01, 2.7928614e-01, 3.5873143e-01, 6.0138456e-01
 308,   117,    86,  56.6529297, 180.7641009, -0.9405215,  0.1819161, 179.9703999,  18.8638056, 3.401339, 4.135951,  1.0000000,   4.3174881, 233.3497016, 32.2883298, 1.4237074e-01, 1.8402528e-01, 2.3637402e-01, 3.9338148e-01
 203,   117,    96,  63.8763923, 180.6929748, -0.9082777,  0.2097013, 179.9693275,  18.8638056, 3.152469, 4.024638,  1.0000000,   4.3174881, 234.8018294, 42.1820000, 6.2561028e-02, 8.0865440e-02, 1.0386956e-01, 1.7107370e-01
 213,   157,    96,  48.6284114, 180.6477193, -0.8439420,  0.2373705, 179.9686185,  18.8638056, 2.275675, 3.385192,  0.8943485,   4.3174881, 195.2267463, 47.9909622, 1.6303836e-01, 2.1074994e-01, 2.7071830e-01, 4.0841671e-01
 338,   157,    86,  38.6631583, 180.7167201, -0.8928781,  0.2124927, 179.9696909,  18.8638056, 2.474162, 3.962655,  1.0000000,   4.3174881, 193.7747248, 38.0971299, 2.9896637e-01, 3.8644064e-01, 4.9637508e-01, 8.1243563e-01
 212,   157,    76,  28.7012007, 180.7889377, -0.9338952,  0.1815683, 179.9707633,  18.8638056, 2.729107, 4.107580,  1.0000000,   4.3174881, 192.3216531, 28.2031755, 3.1656016e-01, 4.0917923e-01, 5.2557728e-01, 8.7244869e-01
 337,   157,    66,  18.7487718, 180.8643673, -0.9651478,  0.1454635, 179.9718357,  18.8638056, 3.066913, 4.214076,  1.0000000,   4.3174881, 190.8693703, 18.3092423, 3.2948881e-01, 4.2588851e-01, 5.4703629e-01, 9.1654883e-01
 211,   157,    56,   8.8368655, 180.9430103, -0.9849933,  0.1054434, 179.9729082,  18.8638056, 3.531508, 4.276995,  1.0000000,   4.3174881, 189.4173063,  8.4146743, 3.3712717e-01, 4.3576048e-01, 5.5971445e-01, 9.4260355e-01
 207,   137,    76,  35.7879001, 180.8135173, -0.9527003,  0.1655518, 179.9711178,  18.8638056, 3.335766, 4.174914,  1.0000000,   4.3174881, 212.1093890, 25.2984177, 3.2473450e-01, 4.1974393e-01, 5.3914508e-01, 9.0033170e-01
 322,   137,    66,  28.4280747, 180.8900108, -0.9762191,  0.1302315, 179.9721903,  18.8638056, 3.670315, 4.252154,  1.0000000,   4.3174881, 210.6574860, 15.4041368, 3.3411144e-01, 4.3186289e-01, 5.5470894e-01, 9.3231678e-01
 189,    57,    96, 112.4834994, 180.7634969, -0.9570210,  0.1688111, 179.9703910,  18.8638056, 3.716451, 4.195715,  1.0000000,   4.3174881, 294.1662215, 33.4682017, 0.0000000e+00, 0.0000000e+00, 0.0000000e+00, 0.0000000e+00
 227,     7,    96, 159.0447550, 180.8246724, -0.9766833,  0.1405054, 179.9712771,  18.8638056, 3.866399, 4.260230,  1.0000000,   4.3174881, 343.6359593, 26.2076245, 0.0000000e+00, 0.0000000e+00, 0.0000000e+00, 0.0000000e+00
 323,   137,    86,  44.1844921, 180.7402352, -0.9204467,  0.1970939, 179.9700454,  18.8638056, 3.026727, 4.064103,  1.0000000,   4.3174881, 213.5620520, 35.1926877, 2.6786351e-01, 3.4623565e-01, 4.4472955e-01, 7.3526440e-01
 225,     7,    76, 154.1057459, 180.9590218, -0.9935915,  0.0901126, 179.9731214,  18.8638056, 3.954009, 4.307426,  1.0000000,   4.3174881, 340.7317667,  6.4195763, 0.0000000e+00, 0.0000000e+00, 0.0000000e+00, 0.0000000e+00
 262,    57,    66, 103.1194881, 180.9590218, -0.9938415,  0.0839171, 179.9731214,  18.8638056, 3.965856, 4.306168,  1.0000000,   4.3174881, 289.8093175,  3.7869895, 0.0000000e+00, 0.0000000e+00, 0.0000000e+00, 0.0000000e+00
 324,   137,   106,  62.3835428, 180.6033223, -0.8350078,  0.2458405, 179.9679006,  18.8638056, 2.548126, 3.758139,  1.0000000,   4.3174881, 216.4668981, 54.9807790, 6.9598690e-02, 8.9963554e-02, 1.1555815e-01, 1.8476135e-01
 187,    57,    56, 101.7815109, 180.9590218, -0.9951619,  0.0537598, 179.9731214,  18.8638056, 3.964252, 4.302865,  1.0000000,   4.3174881, 288.3574659, -6.1076550, 0.0000000e+00, 0.0000000e+00, 0.0000000e+00, 0.0000000e+00
 223,     7,    56, 151.6576132, 180.9590218, -0.9941957,  0.0377015, 179.9731214,  18.8638056, 3.940501, 4.295514,  1.0000000,   4.3174881, 337.8270430, -13.3683088, 0.0000000e+00, 0.0000000e+00, 0.0000000e+00, 0.0000000e+00
 263,    57,    86, 108.5393225, 180.8378128, -0.9744635,  0.1419406, 179.9714634,  18.8638056, 3.834801, 4.251632,  1.0000000,   4.3174881, 292.7143495, 23.5741216, 0.0000000e+00, 0.0000000e+00, 0.0000000e+00, 0.0000000e+00
 224,     7,    66, 152.5595058, 180.9590218, -0.9959974,  0.0639876, 179.9731214,  18.8638056, 3.962365, 4.309072,  1.0000000,   4.3174881, 339.2797121, -3.4746879, 0.0000000e+00, 0.0000000e+00, 0.0000000e+00, 0.0000000e+00
 188,    57,    76, 105.3929076, 180.9153380, -0.9868543,  0.1134840, 179.9725358,  18.8638056, 3.920404, 4.288811,  1.0000000,   4.3174881, 291.2615375, 13.6800747, 0.0000000e+00, 0.0000000e+00, 0.0000000e+00, 0.0000000e+00
 86,   113,    60,  47.8492928, 180.9590218, -0.9908378,  0.0928942, 179.9731214,  18.8638056, 3.955985, 4.296690,  1.0000000,   4.3174881, 234.2294914,  6.0008565, 2.5068558e-01, 3.2402841e-01, 4.1619925e-01, 7.0199970e-01
 190,    78,    36,  82.1871028, 180.9590218, -0.9813526, -0.0021178, 179.9731214,  18.8638056, 3.798446, 4.236988,  1.0000000,   4.3174881, 265.6649616, -22.9907030, 0.0000000e+00, 0.0000000e+00, 0.0000000e+00, 0.0000000e+00
 274,    78,    26,  84.1450891, 180.9590218, -0.9644015, -0.0324469, 179.9731214,  18.8638056, 3.624907, 4.166148,  1.0000000,   4.3174881, 264.2124125, -32.8840935, 0.0000000e+00, 0.0000000e+00, 0.0000000e+00, 0.0000000e+00
 51,   159,    43,   4.2388877, 180.6819514, -0.9916832,  0.0511908, 179.6945308,  18.8638056, 3.666903, 4.287281,  1.0000000,   4.3174881, 186.4820052, -4.2094744, 3.3837592e-01, 4.3737440e-01, 5.6178714e-01, 9.4686309e-01
 204,   138,    16,  37.9136723, 180.9590218, -0.9353566, -0.0589286, 179.9731214,  18.8638056, 2.854759, 4.046397,  1.0000000,   4.3174881, 203.3964278, -34.0653364, 3.0913265e-01, 3.9957976e-01, 5.1324908e-01, 8.4711317e-01
 181,    38,    16, 125.3737722, 180.9590218, -0.9432623, -0.0614413, 179.9731214,  18.8638056, 3.534678, 4.081154,  1.0000000,   4.3174881, 302.3354725, -48.5878805, 0.0000000e+00, 0.0000000e+00, 0.0000000e+00, 0.0000000e+00
 245,    38,    26, 123.2596130, 180.9590218, -0.9637045, -0.0362163, 179.9731214,  18.8638056, 3.682974, 4.163720,  1.0000000,   4.3174881, 303.7882428, -38.6938434, 0.0000000e+00, 0.0000000e+00, 0.0000000e+00, 0.0000000e+00
 42,    54,    33, 105.6461207, 180.9590218, -0.9750591, -0.0166730, 179.9731214,  18.8638056, 3.759364, 4.210421,  1.0000000,   4.3174881, 288.1024339, -29.8443659, 0.0000000e+00, 0.0000000e+00, 0.0000000e+00, 0.0000000e+00
 246,    38,    46, 121.4136540, 180.9590218, -0.9896551,  0.0183751, 179.9731214,  18.8638056, 3.900192, 4.273561,  1.0000000,   4.3174881, 306.6921718, -18.9061887, 0.0000000e+00, 0.0000000e+00, 0.0000000e+00, 0.0000000e+00
 182,    38,    36, 121.9318464, 180.9590218, -0.9792203, -0.0094534, 179.9731214,  18.8638056, 3.807601, 4.227969,  1.0000000,   4.3174881, 305.2413595, -28.7999187, 0.0000000e+00, 0.0000000e+00, 0.0000000e+00, 0.0000000e+00
 183,    37,    56, 121.7192682, 180.9590218, -0.9949450,  0.0467861, 179.9731214,  18.8638056, 3.954405, 4.300410,  1.0000000,   4.3174881, 308.1447606, -9.0120080, 0.0000000e+00, 0.0000000e+00, 0.0000000e+00, 0.0000000e+00
 206,   137,    56,  23.1170094, 180.9590218, -0.9898980,  0.0922138, 179.9731214,  18.8638056, 3.939139, 4.292377,  1.0000000,   4.3174881, 209.2057367,  5.5102883, 3.3899453e-01, 4.3817390e-01, 5.6281389e-01, 9.4897317e-01
 290,    98,    46,  61.4217342, 180.9590218, -0.9923566,  0.0361998, 179.9731214,  18.8638056, 3.931806, 4.287338,  1.0000000,   4.3174881, 247.3288049, -10.1918093, 9.6757921e-02, 1.2506634e-01, 1.6064191e-01, 2.7075482e-01
 196,    97,    56,  62.0232275, 180.9590218, -0.9943075,  0.0705181, 179.9731214,  18.8638056, 3.981221, 4.303694,  1.0000000,   4.3174881, 248.7811020, -0.2984434, 9.0501382e-02, 1.1697925e-01, 1.5025429e-01, 2.5357085e-01
 291,    97,    66,  64.1957534, 180.9423378, -0.9885147,  0.1043957, 179.9728992,  18.8638056, 3.931128, 4.291635,  1.0000000,   4.3174881, 250.2334374,  9.5953002, 6.5569508e-02, 8.4753132e-02, 1.0886144e-01, 1.8354306e-01
 197,    97,    76,  67.7824928, 180.8637219, -0.9753354,  0.1369899, 179.9718268,  18.8638056, 3.804128, 4.252332,  1.0000000,   4.3174881, 251.6853080, 19.4898393, 2.4698086e-02, 3.1924039e-02, 4.1005028e-02, 6.8919437e-02
 292,    97,    86,  72.5725027, 180.7883210, -0.9552970,  0.1675414, 179.9707544,  18.8638056, 3.624493, 4.187435,  1.0000000,   4.3174881, 253.1381735, 29.3835404, 0.0000000e+00, 0.0000000e+00, 0.0000000e+00, 0.0000000e+00
 52,   125,    44,  34.1054869, 180.9590218, -0.9915159,  0.0367054, 179.9731214,  18.8638056, 3.909232, 4.283791,  1.0000000,   4.3174881, 219.6761507, -8.9163887, 3.3795218e-01, 4.3682675e-01, 5.6108381e-01, 9.4541770e-01
 326,   148,    26,  24.1565910, 180.9590218, -0.9656409, -0.0225041, 179.9731214,  18.8638056, 3.033110, 4.170275,  1.0000000,   4.3174881, 194.9543062, -22.7190560, 3.2417138e-01, 4.1901615e-01, 5.3821041e-01, 8.9841087e-01
 325,   148,    16,  33.3059053, 180.9590218, -0.9340214, -0.0584226, 179.9731214,  18.8638056, 2.633037, 4.040507,  1.0000000,   4.3174881, 193.5024522, -32.6126081, 3.0841759e-01, 3.9865560e-01, 5.1206223e-01, 8.4467409e-01
 50,   153,    24,  24.8986627, 180.9590218, -0.9576582, -0.0324196, 179.9731214,  18.8638056, 2.750469, 4.137047,  1.0000000,   4.3174881, 189.2073772, -24.7731341, 3.2013746e-01, 4.1380262e-01, 5.3151490e-01, 8.8465101e-01
 328,   148,    46,  11.4898844, 180.9590218, -0.9926591,  0.0577732, 179.9731214,  18.8638056, 3.968924, 4.293046,  1.0000000,   4.3174881, 197.8590703, -2.9313502, 3.3907583e-01, 4.3827897e-01, 5.6294884e-01, 9.4925049e-01
 327,   148,    36,  16.0550803, 180.9590218, -0.9853238,  0.0168129, 179.9731214,  18.8638056, 3.539877, 4.254743,  1.0000000,   4.3174881, 196.4061235, -12.8250108, 3.3442580e-01, 4.3226918e-01, 5.5523072e-01, 9.3338909e-01
 329,   147,    56,  14.3613666, 180.9563119, -0.9877633,  0.0986096, 179.9730854,  18.8638056, 3.851009, 4.285855,  1.0000000,   4.3174881, 199.3112654,  6.9628808, 3.3820280e-01, 4.3715065e-01, 5.6149978e-01, 9.4627255e-01
 68,   105,    31,  56.2588891, 180.9590218, -0.9736790, -0.0150330, 179.9731214,  18.8638056, 3.646836, 4.204348,  1.0000000,   4.3174881, 237.3542796, -24.5986437, 1.5037718e-01, 1.9437364e-01, 2.4966509e-01, 4.1796827e-01
 99,   116,    68,  47.3860861, 180.9073281, -0.9821916,  0.1202997, 179.9724270,  18.8638056, 3.848495, 4.272290,  1.0000000,   4.3174881, 232.1489382, 13.6138447, 2.5369494e-01, 3.2791855e-01, 4.2119652e-01, 7.0906322e-01
 259,    47,   106, 125.9042502, 180.7039238, -0.9418296,  0.1874120, 179.9694958,  18.8638056, 3.634693, 4.146062,  1.0000000,   4.3174881, 305.5119335, 41.9100389, 0.0000000e+00, 0.0000000e+00, 0.0000000e+00, 0.0000000e+00
 348,   167,    96,  49.3327399, 179.2186526, -0.8209804,  0.2430801, 178.5449883,  18.8638056, 2.048879, 2.798003,  0.7568964,   4.3174881, 185.3324627, 49.4431103, 1.0855659e-01, 1.4033534e-01, 1.8028581e-01, 2.2744543e-01
 349,   167,   106,  59.1971666, 180.5713744, -0.7608215,  0.2589346, 179.9673689,  18.8638056, 1.903636, 2.320890,  0.6688704,   4.3174881, 186.7846005, 59.3373559, 3.5885589e-02, 4.6397320e-02, 5.9616998e-02, 4.7741520e-02
 234,    17,   106, 153.0955261, 180.7390367, -0.9582396,  0.1696809, 179.9700275,  18.8638056, 3.759778, 4.201550,  1.0000000,   4.3174881, 335.1944159, 37.5535822, 0.0000000e+00, 0.0000000e+00, 0.0000000e+00, 0.0000000e+00
 233,    17,    86, 146.6089012, 180.8887009, -0.9852372,  0.1205015, 179.9721723,  18.8638056, 3.912110, 4.285448,  1.0000000,   4.3174881, 332.2898584, 17.7655348, 0.0000000e+00, 0.0000000e+00, 0.0000000e+00, 0.0000000e+00
 180,    17,    96, 149.5558575, 180.8122661, -0.9736751,  0.1457229, 179.9710999,  18.8638056, 3.847025, 4.250651,  1.0000000,   4.3174881, 333.7427623, 27.6592025, 0.0000000e+00, 0.0000000e+00, 0.0000000e+00, 0.0000000e+00
 331,   147,    76,  30.8587454, 180.8011883, -0.9441364,  0.1734468, 179.9709407,  18.8638056, 3.071752, 4.144513,  1.0000000,   4.3174881, 202.2158696, 26.7501779, 3.2104383e-01, 4.1497402e-01, 5.3301928e-01, 8.8774265e-01
 330,   147,    66,  21.9053994, 180.8771435, -0.9712455,  0.1376536, 179.9720130,  18.8638056, 3.447834, 4.235247,  1.0000000,   4.3174881, 200.7630581, 16.8569045, 3.3205902e-01, 4.2921030e-01, 5.5130233e-01, 9.2531591e-01
 333,   147,    96,  49.9362295, 180.6589016, -0.8637040,  0.2309270, 179.9687958,  18.8638056, 2.528270, 3.860017,  1.0000000,   4.3174881, 205.1200177, 46.5386597, 1.9161310e-01, 2.4767837e-01, 3.1814018e-01, 5.1492544e-01
 332,   147,    86,  40.2930866, 180.7284379, -0.9077747,  0.2048223, 179.9698682,  18.8638056, 2.768739, 4.017833,  1.0000000,   4.3174881, 203.6683450, 36.6443224, 3.0267871e-01, 3.9123806e-01, 5.0253535e-01, 8.2712426e-01
 334,   147,   106,  59.6870540, 180.5925871, -0.8135565,  0.2512368, 179.9677234,  18.8638056, 2.335610, 3.421333,  0.9306726,   4.3174881, 206.5723069, 56.4326468, 8.0183084e-02, 1.0364755e-01, 1.3313963e-01, 2.0222789e-01
 318,   127,    96,  57.8914197, 180.6815293, -0.8954972,  0.2169127, 179.9691502,  18.8638056, 2.974380, 3.978106,  1.0000000,   4.3174881, 224.9084775, 43.6342160, 1.2142569e-01, 1.5695339e-01, 2.0160319e-01, 3.3049717e-01
 317,   127,    86,  49.8091065, 180.7521250, -0.9312644,  0.1894291, 179.9702226,  18.8638056, 3.236931, 4.103060,  1.0000000,   4.3174881, 223.4561983, 33.7403923, 2.1268517e-01, 2.7491259e-01, 3.5311630e-01, 5.8592446e-01
 316,   127,    76,  42.5354728, 180.8259369, -0.9598878,  0.1579345, 179.9712951,  18.8638056, 3.522714, 4.200026,  1.0000000,   4.3174881, 222.0036405, 23.8462944, 3.0008029e-01, 3.8787607e-01, 4.9821128e-01, 8.3375958e-01
 315,   127,    66,  36.5574020, 180.9029558, -0.9802787,  0.1232086, 179.9723674,  18.8638056, 3.793368, 4.265640,  1.0000000,   4.3174881, 220.5512714, 13.9526014, 3.3574873e-01, 4.3397896e-01, 5.5742651e-01, 9.3790164e-01
 273,    67,   106, 108.6022817, 180.6809490, -0.9271970,  0.2001232, 179.9691412,  18.8638056, 3.507807, 4.095345,  1.0000000,   4.3174881, 285.7246502, 44.8151459, 0.0000000e+00, 0.0000000e+00, 0.0000000e+00, 0.0000000e+00
 272,    67,    96, 103.5560262, 180.7515236, -0.9513457,  0.1751488, 179.9702137,  18.8638056, 3.663738, 4.176455,  1.0000000,   4.3174881, 284.2719759, 34.9205095, 0.0000000e+00, 0.0000000e+00, 0.0000000e+00, 0.0000000e+00
 271,    67,    86,  99.2586828, 180.8253056, -0.9706594,  0.1479365, 179.9712861,  18.8638056, 3.800285, 4.239204,  1.0000000,   4.3174881, 282.8200165, 25.0268271, 0.0000000e+00, 0.0000000e+00, 0.0000000e+00, 0.0000000e+00
 270,    67,    76,  95.8097767, 180.9022979, -0.9846538,  0.1189183, 179.9723585,  18.8638056, 3.903793, 4.282123,  1.0000000,   4.3174881, 281.3679455, 15.1331044, 0.0000000e+00, 0.0000000e+00, 0.0000000e+00, 0.0000000e+00
 303,   107,    96,  70.7745369, 180.7045075, -0.9193832,  0.2025106, 179.9695047,  18.8638056, 3.300162, 4.064580,  1.0000000,   4.3174881, 244.6961592, 40.7298900, 0.0000000e+00, 0.0000000e+00, 0.0000000e+00, 0.0000000e+00
 304,   107,   106,  77.9661285, 180.6360651, -0.8846610,  0.2268221, 179.9684323,  18.8638056, 3.080280, 3.943059,  1.0000000,   4.3174881, 246.1483649, 50.6237918, 0.0000000e+00, 0.0000000e+00, 0.0000000e+00, 0.0000000e+00
 301,   107,    76,  58.8739371, 180.8510381, -0.9710312,  0.1436455, 179.9716495,  18.8638056, 3.741330, 4.238040,  1.0000000,   4.3174881, 241.7917034, 20.9421427, 1.2327604e-01, 1.5934318e-01, 2.0466949e-01, 3.4359962e-01
 302,   107,    86,  64.3293424, 180.7761673, -0.9484658,  0.1746080, 179.9705771,  18.8638056, 3.527742, 4.163803,  1.0000000,   4.3174881, 243.2447696, 30.8359078, 6.1126988e-02, 7.9011300e-02, 1.0148707e-01, 1.6931278e-01
 354,   177,   106,  60.6448928, 170.7326375, -0.7284867,  0.2603288, 170.1034388,  18.8638056, 1.838261, 2.101710,  0.6292491,   4.3174881, 176.8909132, 60.7894670, 2.2778928e-02, 2.9455574e-02, 3.7855293e-02, 1.3040404e-02
 218,   177,    96,  50.7805586, 169.3534750, -0.7942435,  0.2476588, 168.6507415,  18.8638056, 1.976823, 2.561893,  0.7132263,   4.3174881, 175.4382160, 50.8953067, 8.2588383e-02, 1.0677105e-01, 1.3717649e-01, 1.4887373e-01
 353,   177,    86,  40.9165873, 167.9802346, -0.8545608,  0.2268160, 167.1992264,  18.8638056, 2.153587, 3.131546,  0.8203556,   4.3174881, 173.9867009, 41.0015103, 1.9201808e-01, 2.4821682e-01, 3.1885747e-01, 4.5396610e-01
 186,    58,    36, 102.0336704, 180.9590218, -0.9802567, -0.0060172, 179.9731214,  18.8638056, 3.804610, 4.232326,  1.0000000,   4.3174881, 285.4522647, -25.8954802, 0.0000000e+00, 0.0000000e+00, 0.0000000e+00, 0.0000000e+00
 235,    28,    16, 135.0808107, 180.9590218, -0.9437387, -0.0615614, 179.9731214,  18.8638056, 3.553498, 4.083240,  1.0000000,   4.3174881, 312.2300246, -50.0399777, 0.0000000e+00, 0.0000000e+00, 0.0000000e+00, 0.0000000e+00
 260,    58,    26, 103.6184781, 180.9590218, -0.9640435, -0.0344569, 179.9731214,  18.8638056, 3.659685, 4.164904,  1.0000000,   4.3174881, 284.0007434, -35.7895822, 0.0000000e+00, 0.0000000e+00, 0.0000000e+00, 0.0000000e+00
 261,    58,    46, 101.4160078, 180.9590218, -0.9906510,  0.0235860, 179.9731214,  18.8638056, 3.909238, 4.278336,  1.0000000,   4.3174881, 286.9050324, -16.0015611, 0.0000000e+00, 0.0000000e+00, 0.0000000e+00, 0.0000000e+00
 84,   107,    42,  52.1537743, 180.9590218, -0.9898110,  0.0255125, 179.9731214,  18.8638056, 3.885258, 4.274917,  1.0000000,   4.3174881, 237.3183518, -12.7937868, 2.0039817e-01, 2.5902870e-01, 3.3271058e-01, 5.6021860e-01
 280,    88,    36,  72.2947838, 180.9590218, -0.9819183,  0.0000317, 179.9731214,  18.8638056, 3.793202, 4.239421,  1.0000000,   4.3174881, 255.7704249, -21.5390520, 0.0000000e+00, 0.0000000e+00, 0.0000000e+00, 0.0000000e+00
 284,    87,    76,  76.9601321, 180.8764953, -0.9789743,  0.1306560, 179.9720040,  18.8638056, 3.848747, 4.264187,  1.0000000,   4.3174881, 261.5797484, 18.0372990, 0.0000000e+00, 0.0000000e+00, 0.0000000e+00, 0.0000000e+00
 285,    87,    86,  81.2119881, 180.8005615, -0.9611839,  0.1607357, 179.9709316,  18.8638056, 3.698726, 4.207525,  1.0000000,   4.3174881, 263.0326392, 27.9313066, 0.0000000e+00, 0.0000000e+00, 0.0000000e+00, 0.0000000e+00
 282,    87,    56,  71.9375903, 180.9590218, -0.9947447,  0.0659264, 179.9731214,  18.8638056, 3.978038, 4.304220,  1.0000000,   4.3174881, 258.6751480, -1.7508810, 0.0000000e+00, 0.0000000e+00, 0.0000000e+00, 0.0000000e+00
 283,    87,    66,  73.8186495, 180.9556339, -0.9903077,  0.0988248, 179.9730764,  18.8638056, 3.946569, 4.296879,  1.0000000,   4.3174881, 260.1269834,  8.1436302, 0.0000000e+00, 0.0000000e+00, 0.0000000e+00, 0.0000000e+00
 299,   107,    56,  52.1419625, 180.9590218, -0.9936610,  0.0754169, 179.9731214,  18.8638056, 3.982451, 4.302458,  1.0000000,   4.3174881, 238.8874006,  1.1541142, 2.0252112e-01, 2.6177246e-01, 3.3623431e-01, 5.6737841e-01
 286,    87,    96,  86.4088686, 180.7278377, -0.9374958,  0.1884699, 179.9698592,  18.8638056, 3.519221, 4.128610,  1.0000000,   4.3174881, 264.4838238, 37.8254937, 0.0000000e+00, 0.0000000e+00, 0.0000000e+00, 0.0000000e+00
 295,   108,    16,  60.1813663, 180.9590218, -0.9385669, -0.0600538, 179.9731214,  18.8638056, 3.243461, 4.060538,  1.0000000,   4.3174881, 233.0778745, -38.4221036, 1.0173719e-01, 1.3150372e-01, 1.6891271e-01, 2.7916628e-01
 294,   108,     6,  65.9356428, 180.9590218, -0.9044459, -0.0878569, 179.9731214,  18.8638056, 2.964405, 3.923315,  1.0000000,   4.3174881, 231.6254705, -48.3156654, 3.9856498e-02, 5.1518178e-02, 6.6174229e-02, 1.0786054e-01
 252,    48,    36, 111.9780211, 180.9590218, -0.9797308, -0.0077877, 179.9731214,  18.8638056, 3.806382, 4.230110,  1.0000000,   4.3174881, 295.3466713, -27.3476310, 0.0000000e+00, 0.0000000e+00, 0.0000000e+00, 0.0000000e+00
 251,    48,    26, 113.4228797, 180.9590218, -0.9638721, -0.0353639, 179.9731214,  18.8638056, 3.672403, 4.164306,  1.0000000,   4.3174881, 293.8940563, -37.2414122, 0.0000000e+00, 0.0000000e+00, 0.0000000e+00, 0.0000000e+00
 250,    48,    16, 115.7180220, 180.9590218, -0.9427491, -0.0613066, 179.9731214,  18.8638056, 3.512757, 4.078905,  1.0000000,   4.3174881, 292.4423650, -47.1357166, 0.0000000e+00, 0.0000000e+00, 0.0000000e+00, 0.0000000e+00
 253,    48,    46, 111.4152401, 180.9590218, -0.9901588,  0.0209033, 179.9731214,  18.8638056, 3.904562, 4.275951,  1.0000000,   4.3174881, 296.7991411, -17.4535318, 0.0000000e+00, 0.0000000e+00, 0.0000000e+00, 0.0000000e+00
 214,   178,    16,  28.2615584, 158.1618553, -0.9287967, -0.0562846, 157.0328924,  18.8638056, 2.433955, 3.978359,  0.9902759,   4.3174881, 163.8203669, -28.2571617, 3.0087281e-01, 3.8890456e-01, 4.9953938e-01, 8.1893855e-01
 90,    99,    11,  70.0035023, 180.9590218, -0.9230378, -0.0749535, 179.9731214,  18.8638056, 3.167632, 3.998322,  1.0000000,   4.3174881, 240.5468947, -44.8026326, 0.0000000e+00, 0.0000000e+00, 0.0000000e+00, 0.0000000e+00
 350,   178,    26,  18.3691684, 159.6037169, -0.9659209, -0.0159940, 158.4850254,  18.8638056, 2.800506, 4.170924,  1.0000000,   4.3174881, 165.2724999, -18.3624032, 3.2425013e-01, 4.1911792e-01, 5.3834111e-01, 8.9867948e-01
 208,   137,    96,  53.1282668, 180.6701674, -0.8807510,  0.2240394, 179.9689729,  18.8638056, 2.764902, 3.923730,  1.0000000,   4.3174881, 215.0147114, 45.0870341, 1.6547841e-01, 2.1389602e-01, 2.7474581e-01, 4.4784133e-01
 339,   157,   106,  58.5955479, 180.5819374, -0.7889926,  0.2557315, 179.9675461,  18.8638056, 2.117312, 2.858912,  0.7983706,   4.3174881, 196.6788452, 57.8848941, 6.2713828e-02, 8.1071722e-02, 1.0414958e-01, 1.3509547e-01
 321,   138,    46,  21.4514120, 180.9590218, -0.9929130,  0.0527969, 179.9731214,  18.8638056, 3.961923, 4.292946,  1.0000000,   4.3174881, 207.7533108, -4.3841187, 3.3906369e-01, 4.3826329e-01, 5.6292869e-01, 9.4920909e-01
 205,   138,    36,  24.2054236, 180.9590218, -0.9847951,  0.0134482, 179.9731214,  18.8638056, 3.667421, 4.252238,  1.0000000,   4.3174881, 206.3003774, -14.2776389, 3.3412164e-01, 4.3187607e-01, 5.5472586e-01, 9.3235156e-01
 320,   138,    26,  30.1934761, 180.9590218, -0.9654859, -0.0242980, 179.9731214,  18.8638056, 3.245974, 4.169794,  1.0000000,   4.3174881, 204.8479996, -24.1711259, 3.2411297e-01, 4.1894066e-01, 5.3811346e-01, 8.9821164e-01
 298,   108,    46,  51.4242389, 180.9590218, -0.9926564,  0.0399135, 179.9731214,  18.8638056, 3.938604, 4.289245,  1.0000000,   4.3174881, 237.4341738, -8.7402716, 2.0966734e-01, 2.7100959e-01, 3.4809921e-01, 5.8679377e-01
 264,    57,   106, 117.1456261, 180.6923951, -0.9349500,  0.1936864, 179.9693185,  18.8638056, 3.576677, 4.122344,  1.0000000,   4.3174881, 295.6180188, 43.3622136, 0.0000000e+00, 0.0000000e+00, 0.0000000e+00, 0.0000000e+00
 242,    27,    86, 136.9884624, 180.8758456, -0.9830904,  0.1255006, 179.9719950,  18.8638056, 3.899279, 4.278927,  1.0000000,   4.3174881, 322.3958004, 19.2179138, 0.0000000e+00, 0.0000000e+00, 0.0000000e+00, 0.0000000e+00
 241,    27,    76, 134.5074836, 180.9549607, -0.9915853,  0.0987622, 179.9730675,  18.8638056, 3.946303, 4.302341,  1.0000000,   4.3174881, 320.9436133,  9.3238374, 0.0000000e+00, 0.0000000e+00, 0.0000000e+00, 0.0000000e+00
 244,    27,   106, 143.9081076, 180.7272452, -0.9533885,  0.1754018, 179.9698502,  18.8638056, 3.724893, 4.185326,  1.0000000,   4.3174881, 325.3005110, 39.0056491, 0.0000000e+00, 0.0000000e+00, 0.0000000e+00, 0.0000000e+00
 243,    27,    96, 140.1363302, 180.7999388, -0.9702643,  0.1511597, 179.9709226,  18.8638056, 3.823401, 4.239637,  1.0000000,   4.3174881, 323.8478119, 29.1118839, 0.0000000e+00, 0.0000000e+00, 0.0000000e+00, 0.0000000e+00
 134,    72,    30,  88.9959076, 180.9590218, -0.9716517, -0.0215256, 179.9731214,  18.8638056, 3.706136, 4.196124,  1.0000000,   4.3174881, 270.6044629, -29.8367061, 0.0000000e+00, 0.0000000e+00, 0.0000000e+00, 0.0000000e+00
 135,    67,    33,  93.4511208, 180.9590218, -0.9766160, -0.0128890, 179.9731214,  18.8638056, 3.761319, 4.216895,  1.0000000,   4.3174881, 276.0942357, -27.4292592, 0.0000000e+00, 0.0000000e+00, 0.0000000e+00, 0.0000000e+00
 138,    57,    39, 101.9570486, 180.9590218, -0.9839589,  0.0026720, 179.9731214,  18.8638056, 3.840526, 4.248246,  1.0000000,   4.3174881, 286.0939873, -22.9753914, 0.0000000e+00, 0.0000000e+00, 0.0000000e+00, 0.0000000e+00
 139,    54,    41, 104.9053638, 180.9590218, -0.9853664,  0.0061659, 179.9731214,  18.8638056, 3.855671, 4.254391,  1.0000000,   4.3174881, 289.3275993, -22.0203690, 0.0000000e+00, 0.0000000e+00, 0.0000000e+00, 0.0000000e+00
 136,    63,    35,  96.2780679, 180.9590218, -0.9795399, -0.0071657, 179.9731214,  18.8638056, 3.793045, 4.229265,  1.0000000,   4.3174881, 279.5188392, -25.7900397, 0.0000000e+00, 0.0000000e+00, 0.0000000e+00, 0.0000000e+00
 137,    60,    38,  98.9635611, 180.9590218, -0.9820890, -0.0016739, 179.9731214,  18.8638056, 3.820316, 4.240164,  1.0000000,   4.3174881, 282.7205476, -24.1914363, 0.0000000e+00, 0.0000000e+00, 0.0000000e+00, 0.0000000e+00
 226,     7,    86, 156.2771235, 180.9016427, -0.9870969,  0.1157258, 179.9723495,  18.8638056, 3.922042, 4.290968,  1.0000000,   4.3174881, 342.1841172, 16.3132902, 0.0000000e+00, 0.0000000e+00, 0.0000000e+00, 0.0000000e+00
 198,    97,    96,  78.3439780, 180.7161312, -0.9290560,  0.1954151, 179.9696820,  18.8638056, 3.420993, 4.098959,  1.0000000,   4.3174881, 254.5901605, 39.2773454, 0.0000000e+00, 0.0000000e+00, 0.0000000e+00, 0.0000000e+00
 293,    97,   106,  84.8976247, 180.6471574, -0.8973661,  0.2201013, 179.9686096,  18.8638056, 3.214699, 3.989206,  1.0000000,   4.3174881, 256.0421348, 49.1711488, 0.0000000e+00, 0.0000000e+00, 0.0000000e+00, 0.0000000e+00
 177,    18,    36, 141.8571894, 180.9590218, -0.9782467, -0.0125032, 179.9731214,  18.8638056, 3.808930, 4.223914,  1.0000000,   4.3174881, 325.0286822, -31.7041004, 0.0000000e+00, 0.0000000e+00, 0.0000000e+00, 0.0000000e+00
 89,   116,    72,  49.2908972, 180.8776528, -0.9761900,  0.1333208, 179.9720200,  18.8638056, 3.775905, 4.253813,  1.0000000,   4.3174881, 232.8926942, 17.3721549, 2.3077736e-01, 2.9829620e-01, 3.8314834e-01, 6.4405591e-01
 362,   187,    76,  32.5004153, 156.7588180, -0.8889722,  0.2059981, 155.8522564,  18.8638056, 2.293256, 3.565557,  0.9050034,   4.3174881, 162.6397308, 32.5598908, 2.5075864e-01, 3.2413593e-01, 4.1635978e-01, 6.4799724e-01
 361,   187,    66,  22.6365134, 155.4001683, -0.9369732,  0.1708153, 154.4000524,  18.8638056, 2.596645, 4.112046,  1.0000000,   4.3174881, 161.1875268, 22.6661640, 3.1710237e-01, 4.0988000e-01, 5.2647725e-01, 8.7429820e-01
 364,   187,    96,  52.2290568, 159.4925061, -0.7630497,  0.2505621, 158.7570300,  18.8638056, 1.903975, 2.320037,  0.6690755,   4.3174881, 165.5445044, 52.3481846, 5.8971411e-02, 7.6245552e-02, 9.7969738e-02, 7.8326881e-02
 363,   187,    86,  42.3652555, 158.1225768, -0.8299290,  0.2328133, 157.3041857,  18.8638056, 2.071868, 2.868659,  0.7708289,   4.3174881, 164.0916602, 42.4545587, 1.5305518e-01, 1.9785791e-01, 2.5417952e-01, 3.3107489e-01
 365,   187,   106,  62.0934428, 160.8671180, -0.6913439,  0.2592327, 160.2094412,  18.8638056, 1.772790, 1.879435,  0.5895696,   4.3174881, 166.9969156, 62.2423969, 1.2140112e-02, 1.5703322e-02, 2.0189718e-02, -1.3237107e-02
 268,    67,    56,  91.8223998, 180.9590218, -0.9951430,  0.0575698, 179.9731214,  18.8638056, 3.969157, 4.303702,  1.0000000,   4.3174881, 278.4635614, -4.6551809, 0.0000000e+00, 0.0000000e+00, 0.0000000e+00, 0.0000000e+00
 342,   168,    36,   9.9330469, 170.8759379, -0.9861994,  0.0244443, 169.8315136,  18.8638056, 3.271979, 4.259212,  1.0000000,   4.3174881, 176.6189880, -9.9205305, 3.3496833e-01, 4.3297035e-01, 5.5613120e-01, 9.3523965e-01
 267,    68,    46,  91.4167835, 180.9590218, -0.9911264,  0.0264415, 179.9731214,  18.8638056, 3.914266, 4.280699,  1.0000000,   4.3174881, 277.0108457, -14.5489588, 0.0000000e+00, 0.0000000e+00, 0.0000000e+00, 0.0000000e+00
 266,    68,    36,  92.1027179, 180.9590218, -0.9807976, -0.0041310, 179.9731214,  18.8638056, 3.802073, 4.234620,  1.0000000,   4.3174881, 275.5591858, -24.4432519, 0.0000000e+00, 0.0000000e+00, 0.0000000e+00, 0.0000000e+00
 265,    68,    26,  93.8543081, 180.9590218, -0.9642208, -0.0334856, 179.9731214,  18.8638056, 3.644176, 4.165521,  1.0000000,   4.3174881, 274.1068554, -34.3367671, 0.0000000e+00, 0.0000000e+00, 0.0000000e+00, 0.0000000e+00
 341,   168,    26,  19.8206664, 169.4318009, -0.9658725, -0.0183780, 168.3784190,  18.8638056, 2.786781, 4.170898,  1.0000000,   4.3174881, 175.1658935, -19.8143969, 3.2424698e-01, 4.1911385e-01, 5.3833589e-01, 8.9866875e-01
 340,   168,    16,  29.7128899, 167.9897348, -0.9307820, -0.0571259, 166.9272531,  18.8638056, 2.441949, 4.006557,  0.9951207,   4.3174881, 173.7147275, -29.7087081, 3.0429598e-01, 3.9332874e-01, 5.0522117e-01, 8.3061511e-01
 269,    67,    66,  93.3039256, 180.9590218, -0.9929196,  0.0886027, 179.9731214,  18.8638056, 3.962602, 4.303953,  1.0000000,   4.3174881, 279.9160101,  5.2385896, 0.0000000e+00, 0.0000000e+00, 0.0000000e+00, 0.0000000e+00
 200,   118,    36,  42.9207010, 180.9590218, -0.9836601,  0.0074746, 179.9731214,  18.8638056, 3.755762, 4.247063,  1.0000000,   4.3174881, 226.0889696, -17.1818827, 3.0102565e-01, 3.8909723e-01, 4.9977846e-01, 8.3964681e-01
 289,    98,    26,  64.9938825, 180.9590218, -0.9647688, -0.0301382, 179.9731214,  18.8638056, 3.568650, 4.167410,  1.0000000,   4.3174881, 244.4247635, -29.9799939, 5.4036621e-02, 6.9846448e-02, 8.9715139e-02, 1.4972035e-01
 306,   118,    46,  41.4299526, 180.9590218, -0.9928697,  0.0439017, 179.9731214,  18.8638056, 3.945949, 4.290891,  1.0000000,   4.3174881, 227.5414842, -7.2877717, 3.2266462e-01, 4.1706638e-01, 5.3570232e-01, 9.0315459e-01
 194,    98,    16,  68.9200679, 180.9590218, -0.9394326, -0.0603341, 179.9731214,  18.8638056, 3.316226, 4.064346,  1.0000000,   4.3174881, 242.9723607, -39.8743620, 1.1206512e-02, 1.4485339e-02, 1.8605994e-02, 3.0761705e-02
 199,   118,    16,  51.9005603, 180.9590218, -0.9376106, -0.0597309, 179.9731214,  18.8638056, 3.148756, 4.056329,  1.0000000,   4.3174881, 223.1840922, -36.9695629, 1.8723165e-01, 2.4201242e-01, 3.1085802e-01, 5.1355696e-01
 288,    98,     6,  73.9979908, 180.9590218, -0.9069534, -0.0874099, 179.9731214,  18.8638056, 3.058587, 3.933905,  1.0000000,   4.3174881, 241.5197919, -49.7683091, 0.0000000e+00, 0.0000000e+00, 0.0000000e+00, 0.0000000e+00
 305,   118,    26,  46.5608502, 180.9590218, -0.9651374, -0.0274539, 179.9731214,  18.8638056, 3.466467, 4.168655,  1.0000000,   4.3174881, 224.6364225, -27.0755613, 2.5312306e-01, 3.2718081e-01, 4.2025144e-01, 7.0140876e-01
 222,     8,    46, 151.4122523, 180.9590218, -0.9881244,  0.0116130, 179.9731214,  18.8638056, 3.888695, 4.266510,  1.0000000,   4.3174881, 336.3743118, -23.2627955, 0.0000000e+00, 0.0000000e+00, 0.0000000e+00, 0.0000000e+00
 221,     8,    36, 151.8274282, 180.9590218, -0.9777828, -0.0139042, 179.9731214,  18.8638056, 3.809213, 4.221992,  1.0000000,   4.3174881, 334.9224900, -33.1567875, 0.0000000e+00, 0.0000000e+00, 0.0000000e+00, 0.0000000e+00
 220,     8,    26, 152.8971369, 180.9590218, -0.9632306, -0.0384847, 179.9731214,  18.8638056, 3.705976, 4.162055,  1.0000000,   4.3174881, 333.4707615, -43.0512863, 0.0000000e+00, 0.0000000e+00, 0.0000000e+00, 0.0000000e+00
 201,   117,    56,  42.3161724, 180.9590218, -0.9927554,  0.0806462, 179.9731214,  18.8638056, 3.979838, 4.300329,  1.0000000,   4.3174881, 228.9935005,  2.6060913, 3.1371308e-01, 4.0549575e-01, 5.2084011e-01, 8.7874582e-01
 87,   103,    21,  62.4481088, 180.9590218, -0.9507951, -0.0476527, 179.9731214,  18.8638056, 3.395111, 4.110199,  1.0000000,   4.3174881, 238.4937397, -34.9742709, 7.9767648e-02, 1.0310603e-01, 1.3243628e-01, 2.1989431e-01
 195,    98,    36,  62.4367818, 180.9590218, -0.9824948,  0.0023371, 179.9731214,  18.8638056, 3.785536, 4.241922,  1.0000000,   4.3174881, 245.8760206, -20.0865570, 8.3918771e-02, 1.0847105e-01, 1.3932639e-01, 2.3397566e-01
 49,   128,    28,  36.8697598, 180.9590218, -0.9684484, -0.0211424, 179.9731214,  18.8638056, 3.424360, 4.182261,  1.0000000,   4.3174881, 214.5393136, -24.2378534, 3.2562646e-01, 4.2089672e-01, 5.4062555e-01, 9.0337420e-01
 287,    87,   106,  92.3936592, 180.6583334, -0.9085629,  0.2133706, 179.9687868,  18.8638056, 3.329184, 4.029430,  1.0000000,   4.3174881, 265.9363476, 47.7191407, 0.0000000e+00, 0.0000000e+00, 0.0000000e+00, 0.0000000e+00
 277,    77,    86,  90.1320311, 180.8128862, -0.9662648,  0.1542015, 179.9711088,  18.8638056, 3.755939, 4.224626,  1.0000000,   4.3174881, 272.9257519, 26.4795178, 0.0000000e+00, 0.0000000e+00, 0.0000000e+00, 0.0000000e+00
 275,    78,    46,  81.4184507, 180.9590218, -0.9915759,  0.0294809, 179.9731214,  18.8638056, 3.919668, 4.283009,  1.0000000,   4.3174881, 267.1171565, -13.0972811, 0.0000000e+00, 0.0000000e+00, 0.0000000e+00, 0.0000000e+00
 191,    77,    56,  81.8723529, 180.9590218, -0.9950125,  0.0616180, 179.9731214,  18.8638056, 3.973847, 4.304184,  1.0000000,   4.3174881, 268.5687494, -3.2030753, 0.0000000e+00, 0.0000000e+00, 0.0000000e+00, 0.0000000e+00
 276,    77,    66,  83.5307432, 180.9590218, -0.9917575,  0.0935647, 179.9731214,  18.8638056, 3.956530, 4.300915,  1.0000000,   4.3174881, 270.0214640,  6.6906193, 0.0000000e+00, 0.0000000e+00, 0.0000000e+00, 0.0000000e+00
 192,    77,    76,  86.3196939, 180.8893503, -0.9820509,  0.1246378, 179.9721812,  18.8638056, 3.880734, 4.274005,  1.0000000,   4.3174881, 271.4731254, 16.5855028, 0.0000000e+00, 0.0000000e+00, 0.0000000e+00, 0.0000000e+00
 47,    97,     2,  76.5442113, 180.9590218, -0.8921334, -0.0972159, 179.9731214,  18.8638056, 2.961036, 3.874577,  1.0000000,   4.3174881, 241.2228477, -53.7831843, 0.0000000e+00, 0.0000000e+00, 0.0000000e+00, 0.0000000e+00
 355,   188,     6,  36.7007282, 146.9025913, -0.8702184, -0.0891437, 145.6864035,  18.8638056, 2.144713, 3.078023,  0.8149776,   4.3174881, 152.4738779, -36.6973426, 1.9157199e-01, 2.4764180e-01, 3.1812163e-01, 4.4610931e-01
 249,    37,   106, 134.8367387, 180.7155379, -0.9479444,  0.1813147, 179.9696730,  18.8638056, 3.683605, 4.166932,  1.0000000,   4.3174881, 315.4069726, 40.4582294, 0.0000000e+00, 0.0000000e+00, 0.0000000e+00, 0.0000000e+00
 185,    37,    96, 130.8039836, 180.7876990, -0.9663964,  0.1568184, 179.9707453,  18.8638056, 3.794597, 4.226982,  1.0000000,   4.3174881, 313.9538154, 30.5646201, 0.0000000e+00, 0.0000000e+00, 0.0000000e+00, 0.0000000e+00
 248,    37,    86, 127.4259414, 180.8630823, -0.9806144,  0.1307321, 179.9718178,  18.8638056, 3.882815, 4.271250,  1.0000000,   4.3174881, 312.5014029, 20.6697246, 0.0000000e+00, 0.0000000e+00, 0.0000000e+00, 0.0000000e+00
 184,    37,    76, 124.7556257, 180.9416635, -0.9902733,  0.1034230, 179.9728902,  18.8638056, 3.940617, 4.298747,  1.0000000,   4.3174881, 311.0490466, 10.7761720, 0.0000000e+00, 0.0000000e+00, 0.0000000e+00, 0.0000000e+00
 247,    37,    66, 122.8414308, 180.9590218, -0.9951140,  0.0752922, 179.9731214,  18.8638056, 3.967138, 4.308673,  1.0000000,   4.3174881, 309.5978485,  0.8820275, 0.0000000e+00, 0.0000000e+00, 0.0000000e+00, 0.0000000e+00
 314,   127,    56,  32.5962351, 180.9590218, -0.9915275,  0.0862373, 179.9731214,  18.8638056, 3.969144, 4.297069,  1.0000000,   4.3174881, 219.0993365,  4.0585586, 3.3956419e-01, 4.3891014e-01, 5.6375942e-01, 9.5091631e-01
 91,    99,     8,  71.3779935, 180.9590218, -0.9142260, -0.0818989, 179.9731214,  18.8638056, 3.099631, 3.962967,  1.0000000,   4.3174881, 240.1471408, -47.3755873, 0.0000000e+00, 0.0000000e+00, 0.0000000e+00, 0.0000000e+00
 44,   105,    36,  54.8388513, 180.9590218, -0.9828542,  0.0040143, 179.9731214,  18.8638056, 3.775641, 4.243497,  1.0000000,   4.3174881, 238.1909894, -19.0253971, 1.6831932e-01, 2.1756482e-01, 2.7945261e-01, 4.6935479e-01
 311,   128,    26,  37.9449466, 180.9590218, -0.9653144, -0.0259446, 179.9731214,  18.8638056, 3.379545, 4.169239,  1.0000000,   4.3174881, 214.7423299, -25.6240714, 3.2404558e-01, 4.1885355e-01, 5.3800160e-01, 8.9798175e-01
 310,   128,    16,  44.3348793, 180.9590218, -0.9365450, -0.0593607, 179.9731214,  18.8638056, 3.023075, 4.051636,  1.0000000,   4.3174881, 213.2902134, -35.5177760, 2.6500830e-01, 3.4254527e-01, 4.3998972e-01, 7.2656461e-01
 313,   128,    46,  31.4367982, 180.9590218, -0.9929673,  0.0481861, 179.9731214,  18.8638056, 3.953800, 4.292169,  1.0000000,   4.3174881, 217.6469697, -5.8357259, 3.3896937e-01, 4.3814139e-01, 5.6277214e-01, 9.4888737e-01
 312,   128,    36,  33.3770289, 180.9590218, -0.9842357,  0.0103445, 179.9731214,  18.8638056, 3.725031, 4.249661,  1.0000000,   4.3174881, 216.1943789, -15.7299071, 3.3380882e-01, 4.3147178e-01, 5.5420666e-01, 9.3128455e-01
 41,    24,     8, 140.4850194, 180.9590218, -0.9245421, -0.0802536, 179.9731214,  18.8638056, 3.437170, 4.006710,  1.0000000,   4.3174881, 314.4073845, -58.6693234, 0.0000000e+00, 0.0000000e+00, 0.0000000e+00, 0.0000000e+00