 ID     X      Y      Rrup         D           Rfn         Rfp          s            h          ctildepr    IDP          C          S            U            T         fD 2.00s        fD 3.00s        fD 5.00s        fD 10.00s    
 217,   177,    76,  31.0521991, 147.4573294, -0.8861139,  0.2043461, 146.4889427,  18.7882595, 2.279712, 3.520994,  0.8967950,   4.3174881, 172.5339031, 31.1072956, 2.4534871e-01, 3.1714401e-01, 4.0738036e-01, 6.2954376e-01
 216,   177,    56,  11.3248948, 144.7591265, -0.9720265,  0.1236968, 143.5840868,  18.7882595, 3.075247, 4.230558,  1.0000000,   4.3174881, 169.6290472, 11.3203431, 3.3148970e-01, 4.2847449e-01, 5.5035736e-01, 9.2337391e-01
 352,   177,    66,  21.1882978, 146.1051181, -0.9370364,  0.1678363, 145.0364088,  18.7882595, 2.600374, 4.110027,  1.0000000,   4.3174881, 171.0813692, 21.2135694, 3.1685727e-01, 4.0956323e-01, 5.2607043e-01, 8.7346215e-01
 215,   178,    36,   8.4825313, 141.9290508, -0.9829360,  0.0241914, 140.6799800,  18.7882595, 3.258308, 4.245100,  1.0000000,   4.3174881, 166.7249404, -8.4678712, 3.3325509e-01, 4.3075612e-01, 5.5328756e-01, 9.2939572e-01
 351,   178,    46,   1.5103902, 143.3686750, -0.9880028,  0.0746362, 142.1322563,  18.7882595, 3.844284, 4.277845,  1.0000000,   4.3174881, 168.1772167,  1.4257576, 3.3723034e-01, 4.3589383e-01, 5.5988570e-01, 9.4295548e-01
 257,    47,    86, 117.9367205, 161.6893035, -0.9754724,  0.1394797, 160.7141546,  18.7882595, 3.845278, 4.254426,  1.0000000,   4.3174881, 302.6076666, 22.1222821, 0.0000000e+00, 0.0000000e+00, 0.0000000e+00, 0.0000000e+00
 256,    47,    76, 115.0481218, 161.7761177, -0.9877565,  0.1100840, 160.7152270,  18.7882595, 3.919429, 4.291030,  1.0000000,   4.3174881, 301.1562858, 12.2283665, 0.0000000e+00, 0.0000000e+00, 0.0000000e+00, 0.0000000e+00
 347,   167,    86,  39.4684369, 158.6663574, -0.8496699,  0.2258606, 157.8354569,  18.7882595, 2.135489, 3.072300,  0.8093870,   4.3174881, 183.8804173, 39.5489811, 1.9087723e-01, 2.4674389e-01, 3.1696847e-01, 4.4373948e-01
 255,    47,    66, 112.9682610, 161.8101176, -0.9942455,  0.0795635, 160.7156354,  18.7882595, 3.956624, 4.306366,  1.0000000,   4.3174881, 299.7036402,  2.3341417, 0.0000000e+00, 0.0000000e+00, 0.0000000e+00, 0.0000000e+00
 254,    47,    56, 111.7472957, 161.8101176, -0.9946613,  0.0485051, 160.7156354,  18.7882595, 3.948825, 4.299542,  1.0000000,   4.3174881, 298.2507476, -7.5601347, 0.0000000e+00, 0.0000000e+00, 0.0000000e+00, 0.0000000e+00
 344,   167,    56,   9.8764363, 154.5918497, -0.9779779,  0.1153465, 153.4785417,  18.7882595, 3.206686, 4.251675,  1.0000000,   4.3174881, 179.5235021,  9.8675049, 3.3405334e-01, 4.3178780e-01, 5.5461251e-01, 9.3211861e-01
 343,   168,    46,   0.4992125, 153.1832223, -0.9897214,  0.0679041, 152.0266453,  18.7882595, 3.954850, 4.283156,  1.0000000,   4.3174881, 178.0716057, -0.0268157, 3.3787512e-01, 4.3672716e-01, 5.6095591e-01, 9.4515484e-01
 346,   167,    76,  29.6043621, 157.3022487, -0.9052983,  0.1963819, 156.3826367,  18.7882595, 2.377302, 3.823304,  0.9559407,   4.3174881, 182.4275971, 29.6550810, 2.8204912e-01, 3.6457642e-01, 4.6829578e-01, 7.5473023e-01
 258,    47,    96, 121.5777089, 161.6060749, -0.9577734,  0.1672232, 160.7130823,  18.7882595, 3.737822, 4.197730,  1.0000000,   4.3174881, 304.0602716, 32.0156098, 0.0000000e+00, 0.0000000e+00, 0.0000000e+00, 0.0000000e+00
 345,   167,    66,  19.7407577, 155.9437643, -0.9490426,  0.1589831, 154.9300651,  18.7882595, 2.712906, 4.154575,  1.0000000,   4.3174881, 180.9750255, 19.7616525, 3.2226546e-01, 4.1655289e-01, 5.3504696e-01, 8.9190970e-01
 88,   102,    16,  65.5523885, 161.8101176, -0.9261460, -0.0697178, 160.7156354,  18.7882595, 3.223805, 4.009938,  1.0000000,   4.3174881, 238.8568467, -39.7850196, 4.5173862e-02, 5.8391095e-02, 7.5001919e-02, 1.2334935e-01
 336,   158,    46,   1.9712118, 161.8101176, -0.9908266,  0.0616958, 160.7156354,  18.7882595, 3.932261, 4.286167,  1.0000000,   4.3174881, 187.9650782, -1.4786494, 3.3824071e-01, 4.3719965e-01, 5.6156271e-01, 9.4640188e-01
 210,   158,    36,  11.3835062, 161.5641664, -0.9824701,  0.0155683, 160.4680067,  18.7882595, 3.154682, 4.242336,  1.0000000,   4.3174881, 186.5129671, -11.3725863, 3.3291956e-01, 4.3032247e-01, 5.5273065e-01, 9.2825122e-01
 335,   158,    26,  21.2728674, 160.1212519, -0.9572476, -0.0281102, 159.0151458,  18.7882595, 2.684494, 4.134687,  1.0000000,   4.3174881, 185.0601062, -21.2670260, 3.1985095e-01, 4.1343232e-01, 5.3103935e-01, 8.8367371e-01
 209,   158,    16,  31.1647096, 158.6795675, -0.9159628, -0.0665889, 157.5633410,  18.7882595, 2.352032, 3.729669,  0.9406253,   4.3174881, 183.6083014, -31.1607225, 2.7068179e-01, 3.4988504e-01, 4.4942827e-01, 7.1595586e-01
 176,    18,    16, 144.8274252, 161.8101176, -0.9367756, -0.0682219, 160.7156354,  18.7882595, 3.540755, 4.055229,  1.0000000,   4.3174881, 322.1241591, -51.4921386, 0.0000000e+00, 0.0000000e+00, 0.0000000e+00, 0.0000000e+00
 229,    18,     6, 147.3111653, 161.8101176, -0.9104860, -0.0908028, 160.7156354,  18.7882595, 3.391785, 3.950513,  1.0000000,   4.3174881, 320.6714753, -61.3857252, 0.0000000e+00, 0.0000000e+00, 0.0000000e+00, 0.0000000e+00
 319,   127,   106,  66.4880358, 161.4266310, -0.8300964,  0.2458261, 160.7105919,  18.7882595, 2.672299, 3.737784,  1.0000000,   4.3174881, 226.3605291, 53.5277549, 3.1802828e-02, 4.1108519e-02, 5.2803967e-02, 8.4207124e-02
 230,    18,    26, 143.0007888, 161.8101176, -0.9584876, -0.0435558, 160.7156354,  18.7882595, 3.675961, 4.142529,  1.0000000,   4.3174881, 323.5762886, -41.5985974, 0.0000000e+00, 0.0000000e+00, 0.0000000e+00, 0.0000000e+00
 66,    21,    43, 137.9825165, 161.8101176, -0.9842158,  0.0021819, 160.7156354,  18.7882595, 3.854542, 4.249351,  1.0000000,   4.3174881, 322.5628126, -24.4271217, 0.0000000e+00, 0.0000000e+00, 0.0000000e+00, 0.0000000e+00
 300,   107,    66,  54.7072236, 161.7768581, -0.9846793,  0.1124903, 160.7152360,  18.7882595, 3.892662, 4.278993,  1.0000000,   4.3174881, 240.3390912, 11.0479847, 1.7197734e-01, 2.2229274e-01, 2.8552485e-01, 4.8092266e-01
 281,    88,    46,  71.4198370, 161.8101176, -0.9908326,  0.0296761, 160.7156354,  18.7882595, 3.914483, 4.279826,  1.0000000,   4.3174881, 257.2230372, -11.6442673, 0.0000000e+00, 0.0000000e+00, 0.0000000e+00, 0.0000000e+00
 296,   108,    26,  55.6420252, 161.8101176, -0.9582781, -0.0358173, 160.7156354,  18.7882595, 3.487443, 4.140243,  1.0000000,   4.3174881, 234.5303861, -28.5277690, 1.5340326e-01, 1.9828564e-01, 2.5469088e-01, 4.2402680e-01
 297,   108,    36,  52.6337149, 161.8101176, -0.9799439, -0.0002971, 160.7156354,  18.7882595, 3.752177, 4.230896,  1.0000000,   4.3174881, 235.9828412, -18.6341085, 1.9191530e-01, 2.4806445e-01, 3.1862829e-01, 5.3460038e-01
 231,    18,    46, 141.4126600, 161.8101176, -0.9872205,  0.0102877, 160.7156354,  18.7882595, 3.877803, 4.262544,  1.0000000,   4.3174881, 326.4803705, -21.8100085, 0.0000000e+00, 0.0000000e+00, 0.0000000e+00, 0.0000000e+00
 279,    88,    26,  74.5145691, 161.8101176, -0.9584170, -0.0380289, 160.7156354,  18.7882595, 3.568386, 4.141210,  1.0000000,   4.3174881, 254.3190654, -31.4328762, 0.0000000e+00, 0.0000000e+00, 0.0000000e+00, 0.0000000e+00
 178,    17,    56, 141.6753629, 161.8101176, -0.9939718,  0.0385209, 160.7156354,  18.7882595, 3.932912, 4.294683,  1.0000000,   4.3174881, 327.9330324, -11.9165048, 0.0000000e+00, 0.0000000e+00, 0.0000000e+00, 0.0000000e+00
 85,   110,    51,  49.3280184, 161.8101176, -0.9934597,  0.0555859, 160.7156354,  18.7882595, 3.970178, 4.295959,  1.0000000,   4.3174881, 235.9322187, -3.8931231, 2.3388932e-01, 3.0231809e-01, 3.8831339e-01, 6.5492747e-01
 232,    17,    66, 142.6394054, 161.8101176, -0.9956168,  0.0669884, 160.7156354,  18.7882595, 3.953013, 4.308283,  1.0000000,   4.3174881, 329.3847883, -2.0226668, 0.0000000e+00, 0.0000000e+00, 0.0000000e+00, 0.0000000e+00
 219,     8,    16, 154.6066173, 161.8101176, -0.9374748, -0.0681721, 160.7156354,  18.7882595, 3.556050, 4.058224,  1.0000000,   4.3174881, 332.0182094, -52.9450971, 0.0000000e+00, 0.0000000e+00, 0.0000000e+00, 0.0000000e+00
 179,    17,    76, 144.2929871, 161.8101176, -0.9922405,  0.0952189, 160.7156354,  18.7882595, 3.938003, 4.303667,  1.0000000,   4.3174881, 330.8378297,  7.8719951, 0.0000000e+00, 0.0000000e+00, 0.0000000e+00, 0.0000000e+00
 240,    27,    66, 132.7325096, 161.8101176, -0.9953059,  0.0709443, 160.7156354,  18.7882595, 3.955004, 4.308124,  1.0000000,   4.3174881, 319.4909426, -0.5706710, 0.0000000e+00, 0.0000000e+00, 0.0000000e+00, 0.0000000e+00
 239,    27,    56, 131.6963224, 161.8101176, -0.9942574,  0.0416538, 160.7156354,  18.7882595, 3.938035, 4.296460,  1.0000000,   4.3174881, 318.0395751, -10.4643410, 0.0000000e+00, 0.0000000e+00, 0.0000000e+00, 0.0000000e+00
 238,    28,    46, 131.4140810, 161.8101176, -0.9877625,  0.0125602, 160.7156354,  18.7882595, 3.881958, 4.264997,  1.0000000,   4.3174881, 316.5873184, -20.3576594, 0.0000000e+00, 0.0000000e+00, 0.0000000e+00, 0.0000000e+00
 237,    28,    36, 131.8914611, 161.8101176, -0.9758115, -0.0158093, 160.7156354,  18.7882595, 3.789877, 4.213607,  1.0000000,   4.3174881, 315.1347254, -30.2521381, 0.0000000e+00, 0.0000000e+00, 0.0000000e+00, 0.0000000e+00
 236,    28,    26, 133.1205592, 161.8101176, -0.9585005, -0.0429199, 160.7156354,  18.7882595, 3.667746, 4.142461,  1.0000000,   4.3174881, 313.6824655, -40.1456568, 0.0000000e+00, 0.0000000e+00, 0.0000000e+00, 0.0000000e+00
 158,    96,    41,  62.9590731, 161.8101176, -0.9866149,  0.0153740, 160.7156354,  18.7882595, 3.857476, 4.260215,  1.0000000,   4.3174881, 247.8696318, -15.1420644, 7.8644842e-02, 1.0165404e-01, 1.3057009e-01, 2.1959600e-01
 159,    98,    40,  61.1940919, 161.8101176, -0.9845334,  0.0096439, 160.7156354,  18.7882595, 3.828606, 4.250915,  1.0000000,   4.3174881, 245.6602447, -16.5921592, 9.8027689e-02, 1.2670779e-01, 1.6275061e-01, 2.7351266e-01
 160,   101,    38,  58.8310421, 161.8101176, -0.9828125,  0.0055209, 160.7156354,  18.7882595, 3.803009, 4.243348,  1.0000000,   4.3174881, 242.9119965, -17.5460313, 1.2399124e-01, 1.6026759e-01, 2.0585679e-01, 3.4574270e-01
 161,   103,    37,  56.7880157, 161.8101176, -0.9812713,  0.0021185, 160.7156354,  18.7882595, 3.779123, 4.236637,  1.0000000,   4.3174881, 240.5127051, -18.3123178, 1.4631292e-01, 1.8912002e-01, 2.4291658e-01, 4.0776208e-01
 128,    90,    39,  69.0593516, 161.8101176, -0.9828671,  0.0044106, 160.7156354,  18.7882595, 3.815556, 4.243560,  1.0000000,   4.3174881, 253.2662759, -18.5994642, 1.0443334e-02, 1.3498760e-02, 1.7338574e-02, 2.9121161e-02
 162,    76,    26,  85.8848064, 161.8101176, -0.9578421, -0.0399699, 160.7156354,  18.7882595, 3.593642, 4.139071,  1.0000000,   4.3174881, 265.8845264, -33.3969323, 0.0000000e+00, 0.0000000e+00, 0.0000000e+00, 0.0000000e+00
 163,    78,    28,  82.9778774, 161.8101176, -0.9630511, -0.0327163, 160.7156354,  18.7882595, 3.633797, 4.160360,  1.0000000,   4.3174881, 263.8085362, -30.8008851, 0.0000000e+00, 0.0000000e+00, 0.0000000e+00, 0.0000000e+00
 164,    81,    30,  79.7908997, 161.8101176, -0.9674712, -0.0259297, 160.7156354,  18.7882595, 3.668729, 4.178545,  1.0000000,   4.3174881, 261.3297743, -28.3862078, 0.0000000e+00, 0.0000000e+00, 0.0000000e+00, 0.0000000e+00
 165,    85,    34,  75.4718874, 161.8101176, -0.9753443, -0.0122446, 160.7156354,  18.7882595, 3.740096, 4.211369,  1.0000000,   4.3174881, 258.3458090, -23.9021870, 0.0000000e+00, 0.0000000e+00, 0.0000000e+00, 0.0000000e+00
 166,    87,    35,  72.4888597, 161.8101176, -0.9773784, -0.0080244, 160.7156354,  18.7882595, 3.757410, 4.219962,  1.0000000,   4.3174881, 255.6954027, -22.4138057, 0.0000000e+00, 0.0000000e+00, 0.0000000e+00, 0.0000000e+00
 150,    63,    52,  95.8787737, 161.8101176, -0.9934894,  0.0408612, 160.7156354,  18.7882595, 3.940756, 4.293005,  1.0000000,   4.3174881, 282.1748860, -9.4129678, 0.0000000e+00, 0.0000000e+00, 0.0000000e+00, 0.0000000e+00
 151,    68,    50,  90.6551289, 161.8101176, -0.9927843,  0.0370020, 160.7156354,  18.7882595, 3.934164, 4.289310,  1.0000000,   4.3174881, 276.8189255, -10.3730977, 0.0000000e+00, 0.0000000e+00, 0.0000000e+00, 0.0000000e+00
 149,    60,    54,  99.5346947, 161.8101176, -0.9940881,  0.0450677, 160.7156354,  18.7882595, 3.946602, 4.296372,  1.0000000,   4.3174881, 285.9510432, -8.2560345, 0.0000000e+00, 0.0000000e+00, 0.0000000e+00, 0.0000000e+00
 154,    82,    48,  76.5493427, 161.8101176, -0.9918807,  0.0340352, 160.7156354,  18.7882595, 3.927090, 4.284953,  1.0000000,   4.3174881, 262.5644590, -10.6455484, 0.0000000e+00, 0.0000000e+00, 0.0000000e+00, 0.0000000e+00
 155,    86,    46,  72.6086022, 161.8101176, -0.9908413,  0.0295377, 160.7156354,  18.7882595, 3.914453, 4.279846,  1.0000000,   4.3174881, 258.4120314, -11.7402045, 0.0000000e+00, 0.0000000e+00, 0.0000000e+00, 0.0000000e+00
 152,    74,    49,  84.8395561, 161.8101176, -0.9924222,  0.0357393, 160.7156354,  18.7882595, 3.931574, 4.287548,  1.0000000,   4.3174881, 270.9455532, -10.5068895, 0.0000000e+00, 0.0000000e+00, 0.0000000e+00, 0.0000000e+00
 153,    79,    49,  80.2352271, 161.8101176, -0.9922039,  0.0352166, 160.7156354,  18.7882595, 3.930203, 4.286526,  1.0000000,   4.3174881, 266.3088723, -10.4649357, 0.0000000e+00, 0.0000000e+00, 0.0000000e+00, 0.0000000e+00
 156,    90,    44,  69.1530197, 161.8101176, -0.9893023,  0.0236576, 160.7156354,  18.7882595, 3.894650, 4.272522,  1.0000000,   4.3174881, 254.6378042, -13.2127296, 9.5026721e-03, 1.2282872e-02, 1.5776792e-02, 2.6559929e-02
 157,    93,    43,  65.7073317, 161.8101176, -0.9882803,  0.0204211, 160.7156354,  18.7882595, 3.880659, 4.267799,  1.0000000,   4.3174881, 250.9747465, -13.9193317, 4.8079432e-02, 6.2146057e-02, 7.9823815e-02, 1.3433127e-01
 193,    77,    96,  94.8434792, 161.5661324, -0.9377497,  0.1873624, 160.7125505,  18.7882595, 3.567460, 4.128745,  1.0000000,   4.3174881, 274.3785785, 36.3727463, 0.0000000e+00, 0.0000000e+00, 0.0000000e+00, 0.0000000e+00
 278,    77,   106, 100.3267629, 161.4882639, -0.9077606,  0.2130188, 160.7114781,  18.7882595, 3.386427, 4.025711,  1.0000000,   4.3174881, 275.8302521, 46.2667948, 0.0000000e+00, 0.0000000e+00, 0.0000000e+00, 0.0000000e+00
 228,     7,   106, 162.3790575, 161.5786700, -0.9589384,  0.1683092, 160.7127187,  18.7882595, 3.770108, 4.203493,  1.0000000,   4.3174881, 345.0884564, 36.1017231, 0.0000000e+00, 0.0000000e+00, 0.0000000e+00, 0.0000000e+00
 43,    77,    46,  81.5000415, 161.8101176, -0.9903129,  0.0260416, 160.7156354,  18.7882595, 3.907165, 4.277142,  1.0000000,   4.3174881, 267.1857397, -13.1834930, 0.0000000e+00, 0.0000000e+00, 0.0000000e+00, 0.0000000e+00
 356,   188,    16,  26.8083098, 129.2540486, -0.9045323, -0.0637403, 127.8812354,  18.7882595, 2.307913, 3.577858,  0.9138864,   4.3174881, 153.9261958, -26.8036748, 2.5225192e-01, 3.2606586e-01, 4.1883831e-01, 6.5309085e-01
 309,   117,   106,  71.7611471, 161.4387633, -0.8500738,  0.2398741, 160.7107692,  18.7882595, 2.857920, 3.813506,  1.0000000,   4.3174881, 236.2545277, 52.0752720, 0.0000000e+00, 0.0000000e+00, 0.0000000e+00, 0.0000000e+00
 357,   188,    26,  16.9171155, 130.6908265, -0.9554828, -0.0210009, 129.3332650,  18.7882595, 2.709078, 4.126282,  1.0000000,   4.3174881, 155.3782254, -16.9097695, 3.1883061e-01, 4.1211361e-01, 5.2934578e-01, 8.8019329e-01
 358,   188,    36,   7.0340925, 132.1279971, -0.9828456,  0.0291538, 130.7853544,  18.7882595, 3.325548, 4.245291,  1.0000000,   4.3174881, 156.8303148, -7.0164067, 3.3327830e-01, 4.3078612e-01, 5.5332608e-01, 9.2947490e-01
 359,   188,    46,   2.9213490, 133.5663382, -0.9854385,  0.0819122, 132.2383000,  18.7882595, 3.685350, 4.269292,  1.0000000,   4.3174881, 158.2832604,  2.8785041, 3.3619205e-01, 4.3455192e-01, 5.5816234e-01, 9.3941383e-01
 360,   187,    56,  12.7716966, 134.9362637, -0.9642021,  0.1324476, 133.6903620,  18.7882595, 2.939616, 4.202023,  1.0000000,   4.3174881, 159.7353224, 12.7715195, 3.2802561e-01, 4.2399744e-01, 5.4460767e-01, 9.1155780e-01
 307,   117,    66,  45.4388124, 161.7622602, -0.9814436,  0.1192348, 160.7150588,  18.7882595, 3.847641, 4.268527,  1.0000000,   4.3174881, 230.4453288, 12.5000303, 2.7516653e-01, 3.5567215e-01, 4.5684485e-01, 7.6884473e-01
 202,   117,    76,  50.3754940, 161.6760039, -0.9608613,  0.1553954, 160.7139863,  18.7882595, 3.619784, 4.202409,  1.0000000,   4.3174881, 231.8972801, 22.3943685, 2.1460869e-01, 2.7739764e-01, 3.5630611e-01, 5.9640031e-01
 308,   117,    86,  56.6529297, 161.5933325, -0.9312651,  0.1881033, 160.7129139,  18.7882595, 3.353989, 4.101926,  1.0000000,   4.3174881, 233.3497016, 32.2883298, 1.4053301e-01, 1.8165016e-01, 2.3332374e-01, 3.8711291e-01
 203,   117,    96,  63.8763923, 161.5142504, -0.8938843,  0.2164704, 160.7118415,  18.7882595, 3.093572, 3.970889,  1.0000000,   4.3174881, 234.8018294, 42.1820000, 6.1229124e-02, 7.9144057e-02, 1.0165886e-01, 1.6653053e-01
 213,   157,    96,  48.6284114, 161.4639409, -0.8142665,  0.2424432, 160.7111326,  18.7882595, 2.183623, 3.075927,  0.8385593,   4.3174881, 195.2267463, 47.9909622, 1.3629197e-01, 1.7618232e-01, 2.2632458e-01, 3.1718377e-01
 338,   157,    86,  38.6631583, 161.5406502, -0.8720323,  0.2190822, 160.7122050,  18.7882595, 2.381537, 3.720914,  0.9585071,   4.3174881, 193.7747248, 38.0971299, 2.6961900e-01, 3.4851146e-01, 4.4766424e-01, 7.1233064e-01
 212,   157,    76,  28.7012007, 161.6209508, -0.9210135,  0.1880435, 160.7132774,  18.7882595, 2.640040, 4.058499,  1.0000000,   4.3174881, 192.3216531, 28.2031755, 3.1060178e-01, 4.0147850e-01, 5.1568756e-01, 8.5212445e-01
 337,   157,    66,  18.7487718, 161.7048365, -0.9586215,  0.1503087, 160.7143498,  18.7882595, 2.989885, 4.189405,  1.0000000,   4.3174881, 190.8693703, 18.3092423, 3.2649378e-01, 4.2201766e-01, 5.4206513e-01, 9.0633265e-01
 211,   157,    56,   8.8368655, 161.7923075, -0.9825094,  0.1074697, 160.7154223,  18.7882595, 3.484651, 4.267274,  1.0000000,   4.3174881, 189.4173063,  8.4146743, 3.3594704e-01, 4.3423526e-01, 5.5775568e-01, 9.3857809e-01
 207,   137,    76,  35.7879001, 161.6482846, -0.9446314,  0.1713027, 160.7136319,  18.7882595, 3.280229, 4.144953,  1.0000000,   4.3174881, 212.1093890, 25.2984177, 3.2109729e-01, 4.1504312e-01, 5.3310802e-01, 8.8792502e-01
 322,   137,    66,  28.4280747, 161.7333573, -0.9724642,  0.1339610, 160.7147043,  18.7882595, 3.637712, 4.238252,  1.0000000,   4.3174881, 210.6574860, 15.4041368, 3.3242383e-01, 4.2968179e-01, 5.5190785e-01, 9.2656030e-01
 189,    57,    96, 112.4834994, 161.5926610, -0.9519826,  0.1737118, 160.7129050,  18.7882595, 3.692271, 4.178041,  1.0000000,   4.3174881, 294.1662215, 33.4682017, 0.0000000e+00, 0.0000000e+00, 0.0000000e+00, 0.0000000e+00
 227,     7,    96, 159.0447550, 161.6606901, -0.9745807,  0.1436560, 160.7137911,  18.7882595, 3.850274, 4.253207,  1.0000000,   4.3174881, 343.6359593, 26.2076245, 0.0000000e+00, 0.0000000e+00, 0.0000000e+00, 0.0000000e+00
 323,   137,    86,  44.1844921, 161.5667956, -0.9066008,  0.2038493, 160.7125594,  18.7882595, 2.956524, 4.011966,  1.0000000,   4.3174881, 213.5620520, 35.1926877, 2.6241689e-01, 3.3919632e-01, 4.3568923e-01, 7.1668576e-01
 225,     7,    76, 154.1057459, 161.8101176, -0.9932529,  0.0907587, 160.7156354,  18.7882595, 3.941250, 4.306223,  1.0000000,   4.3174881, 340.7317667,  6.4195763, 0.0000000e+00, 0.0000000e+00, 0.0000000e+00, 0.0000000e+00
 262,    57,    66, 103.1194881, 161.8101176, -0.9934363,  0.0842640, 160.7156354,  18.7882595, 3.955517, 4.304551,  1.0000000,   4.3174881, 289.8093175,  3.7869895, 0.0000000e+00, 0.0000000e+00, 0.0000000e+00, 0.0000000e+00
 324,   137,   106,  62.3835428, 161.4145931, -0.8071454,  0.2510411, 160.7104146,  18.7882595, 2.467425, 3.649505,  1.0000000,   4.3174881, 216.4668981, 54.9807790, 6.6250447e-02, 8.5636212e-02, 1.1000073e-01, 1.7334037e-01
 187,    57,    56, 101.7815109, 161.8101176, -0.9947501,  0.0522598, 160.7156354,  18.7882595, 3.954407, 4.300744,  1.0000000,   4.3174881, 288.3574659, -6.1076550, 0.0000000e+00, 0.0000000e+00, 0.0000000e+00, 0.0000000e+00
 223,     7,    56, 151.6576132, 161.8101176, -0.9936460,  0.0355642, 160.7156354,  18.7882595, 3.927996, 4.292802,  1.0000000,   4.3174881, 337.8270430, -13.3683088, 0.0000000e+00, 0.0000000e+00, 0.0000000e+00, 0.0000000e+00
 263,    57,    86, 108.5393225, 161.6753037, -0.9716658,  0.1455938, 160.7139774,  18.7882595, 3.816840, 4.241988,  1.0000000,   4.3174881, 292.7143495, 23.5741216, 0.0000000e+00, 0.0000000e+00, 0.0000000e+00, 0.0000000e+00
 224,     7,    66, 152.5595058, 161.8101176, -0.9958131,  0.0632450, 160.7156354,  18.7882595, 3.950548, 4.308074,  1.0000000,   4.3174881, 339.2797121, -3.4746879, 0.0000000e+00, 0.0000000e+00, 0.0000000e+00, 0.0000000e+00
 188,    57,    76, 105.3929076, 161.7615276, -0.9856317,  0.1155868, 160.7150498,  18.7882595, 3.907165, 4.284615,  1.0000000,   4.3174881, 291.2615375, 13.6800747, 0.0000000e+00, 0.0000000e+00, 0.0000000e+00, 0.0000000e+00
 86,   113,    60,  47.8492928, 161.8101176, -0.9898475,  0.0938937, 160.7156354,  18.7882595, 3.947378, 4.292839,  1.0000000,   4.3174881, 234.2294914,  6.0008565, 2.5034037e-01, 3.2358225e-01, 4.1562627e-01, 7.0082217e-01
 190,    78,    36,  82.1871028, 161.8101176, -0.9782980, -0.0071538, 160.7156354,  18.7882595, 3.778905, 4.223903,  1.0000000,   4.3174881, 265.6649616, -22.9907030, 0.0000000e+00, 0.0000000e+00, 0.0000000e+00, 0.0000000e+00
 274,    78,    26,  84.1450891, 161.8101176, -0.9584603, -0.0390013, 160.7156354,  18.7882595, 3.594986, 4.141565,  1.0000000,   4.3174881, 264.2124125, -32.8840935, 0.0000000e+00, 0.0000000e+00, 0.0000000e+00, 0.0000000e+00
 51,   159,    43,   4.2388877, 161.5334146, -0.9901048,  0.0487317, 160.4370448,  18.7882595, 3.632340, 4.279940,  1.0000000,   4.3174881, 186.4820052, -4.2094744, 3.3748474e-01, 4.3622261e-01, 5.6030794e-01, 9.4382322e-01
 204,   138,    16,  37.9136723, 161.8101176, -0.9212149, -0.0674935, 160.7156354,  18.7882595, 2.776290, 3.987995,  1.0000000,   4.3174881, 203.3964278, -34.0653364, 3.0204259e-01, 3.9041642e-01, 5.0148099e-01, 8.2292873e-01
 181,    38,    16, 125.3737722, 161.8101176, -0.9352050, -0.0683075, 160.7156354,  18.7882595, 3.502970, 4.048493,  1.0000000,   4.3174881, 302.3354725, -48.5878805, 0.0000000e+00, 0.0000000e+00, 0.0000000e+00, 0.0000000e+00
 245,    38,    26, 123.2596130, 161.8101176, -0.9585064, -0.0422440, 160.7156354,  18.7882595, 3.658077, 4.142357,  1.0000000,   4.3174881, 303.7882428, -38.6938434, 0.0000000e+00, 0.0000000e+00, 0.0000000e+00, 0.0000000e+00
 42,    54,    33, 105.6461207, 161.8101176, -0.9712768, -0.0221069, 160.7156354,  18.7882595, 3.737923, 4.194562,  1.0000000,   4.3174881, 288.1024339, -29.8443659, 0.0000000e+00, 0.0000000e+00, 0.0000000e+00, 0.0000000e+00
 246,    38,    46, 121.4136540, 161.8101176, -0.9883042,  0.0149711, 160.7156354,  18.7882595, 3.886405, 4.267481,  1.0000000,   4.3174881, 306.6921718, -18.9061887, 0.0000000e+00, 0.0000000e+00, 0.0000000e+00, 0.0000000e+00
 182,    38,    36, 121.9318464, 161.8101176, -0.9762770, -0.0142965, 160.7156354,  18.7882595, 3.788960, 4.215516,  1.0000000,   4.3174881, 305.2413595, -28.7999187, 0.0000000e+00, 0.0000000e+00, 0.0000000e+00, 0.0000000e+00
 183,    37,    56, 121.7192682, 161.8101176, -0.9944917,  0.0449769, 160.7156354,  18.7882595, 3.943350, 4.298095,  1.0000000,   4.3174881, 308.1447606, -9.0120080, 0.0000000e+00, 0.0000000e+00, 0.0000000e+00, 0.0000000e+00
 206,   137,    56,  23.1170094, 161.8101176, -0.9885693,  0.0931908, 160.7156354,  18.7882595, 3.930523, 4.287059,  1.0000000,   4.3174881, 209.2057367,  5.5102883, 3.3834891e-01, 4.3733949e-01, 5.6174230e-01, 9.4677095e-01
 290,    98,    46,  61.4217342, 161.8101176, -0.9912346,  0.0332739, 160.7156354,  18.7882595, 3.921600, 4.282054,  1.0000000,   4.3174881, 247.3288049, -10.1918093, 9.6574507e-02, 1.2482929e-01, 1.6033748e-01, 2.7012919e-01
 196,    97,    56,  62.0232275, 161.8101176, -0.9938022,  0.0699518, 160.7156354,  18.7882595, 3.974287, 4.301345,  1.0000000,   4.3174881, 248.7811020, -0.2984434, 9.0425571e-02, 1.1688127e-01, 1.5012846e-01, 2.5331226e-01
 291,    97,    66,  64.1957534, 161.7915594, -0.9872879,  0.1061381, 160.7154133,  18.7882595, 3.919712, 4.287165,  1.0000000,   4.3174881, 250.2334374,  9.5953002, 6.5464518e-02, 8.4617440e-02, 1.0868718e-01, 1.8318493e-01
 197,    97,    76,  67.7824928, 161.7041187, -0.9721515,  0.1407686, 160.7143408,  18.7882595, 3.783654, 4.241027,  1.0000000,   4.3174881, 251.6853080, 19.4898393, 2.4596639e-02, 3.1792927e-02, 4.0836646e-02, 6.8573398e-02
 292,    97,    86,  72.5725027, 161.6202650, -0.9490839,  0.1728988, 160.7132684,  18.7882595, 3.592571, 4.165099,  1.0000000,   4.3174881, 253.1381735, 29.3835404, 0.0000000e+00, 0.0000000e+00, 0.0000000e+00, 0.0000000e+00
 52,   125,    44,  34.1054869, 161.8101176, -0.9900596,  0.0335092, 160.7156354,  18.7882595, 3.898284, 4.277018,  1.0000000,   4.3174881, 219.6761507, -8.9163887, 3.3713003e-01, 4.3576418e-01, 5.5971920e-01, 9.4261331e-01
 326,   148,    26,  24.1565910, 161.8101176, -0.9575784, -0.0299791, 160.7156354,  18.7882595, 2.957694, 4.136359,  1.0000000,   4.3174881, 194.9543062, -22.7190560, 3.2005400e-01, 4.1369475e-01, 5.3137637e-01, 8.8436633e-01
 325,   148,    16,  33.3059053, 161.8101176, -0.9187668, -0.0671052, 160.7156354,  18.7882595, 2.544116, 3.977331,  1.0000000,   4.3174881, 193.5024522, -32.6126081, 3.0074802e-01, 3.8874328e-01, 4.9933226e-01, 8.1851289e-01
 50,   153,    24,  24.8986627, 161.8101176, -0.9474155, -0.0404593, 160.7156354,  18.7882595, 2.661843, 4.094184,  1.0000000,   4.3174881, 189.2073772, -24.7731341, 3.1493388e-01, 4.0707739e-01, 5.2287798e-01, 8.6690139e-01
 328,   148,    46,  11.4898844, 161.8101176, -0.9914836,  0.0559687, 160.7156354,  18.7882595, 3.964971, 4.287533,  1.0000000,   4.3174881, 197.8590703, -2.9313502, 3.3840656e-01, 4.3741400e-01, 5.6183800e-01, 9.4696761e-01
 327,   148,    36,  16.0550803, 161.8101176, -0.9820526,  0.0118203, 160.7156354,  18.7882595, 3.496272, 4.240307,  1.0000000,   4.3174881, 196.4061235, -12.8250108, 3.3267331e-01, 4.3000423e-01, 5.5232193e-01, 9.2741128e-01
 329,   147,    56,  14.3613666, 161.8071033, -0.9859558,  0.1000897, 160.7155994,  18.7882595, 3.834004, 4.278731,  1.0000000,   4.3174881, 199.3112654,  6.9628808, 3.3733789e-01, 4.3603283e-01, 5.6006421e-01, 9.4332233e-01
 68,   105,    31,  56.2588891, 161.8101176, -0.9687345, -0.0212589, 160.7156354,  18.7882595, 3.616264, 4.183507,  1.0000000,   4.3174881, 237.3542796, -24.5986437, 1.4921825e-01, 1.9287581e-01, 2.4774150e-01, 4.1401513e-01
 99,   116,    68,  47.3860861, 161.7526185, -0.9798285,  0.1232037, 160.7149411,  18.7882595, 3.831086, 4.263709,  1.0000000,   4.3174881, 232.1489382, 13.6138447, 2.5290970e-01, 3.2690369e-01, 4.1989317e-01, 7.0638473e-01
 259,    47,   106, 125.9042502, 161.5264232, -0.9351167,  0.1928656, 160.7120098,  18.7882595, 3.607211, 4.122332,  1.0000000,   4.3174881, 305.5119335, 41.9100389, 0.0000000e+00, 0.0000000e+00, 0.0000000e+00, 0.0000000e+00
 348,   167,    96,  49.3327399, 160.0349370, -0.7852927,  0.2465039, 159.2875023,  18.7882595, 1.953783, 2.484904,  0.6992624,   4.3174881, 185.3324627, 49.4431103, 8.2370961e-02, 1.0649247e-01, 1.3682285e-01, 1.3812526e-01
 349,   167,   106,  59.1971666, 161.3790875, -0.7152173,  0.2580975, 160.7098829,  18.7882595, 1.813262, 2.015995,  0.6140984,   4.3174881, 186.7846005, 59.3373559, 2.2556955e-02, 2.9171104e-02, 3.7494100e-02, 2.2770444e-03
 234,    17,   106, 153.0955261, 161.5654631, -0.9540072,  0.1741542, 160.7125415,  18.7882595, 3.739136, 4.186983,  1.0000000,   4.3174881, 335.1944159, 37.5535822, 0.0000000e+00, 0.0000000e+00, 0.0000000e+00, 0.0000000e+00
 233,    17,    86, 146.6089012, 161.7319004, -0.9840104,  0.1227575, 160.7146863,  18.7882595, 3.897843, 4.281385,  1.0000000,   4.3174881, 332.2898584, 17.7655348, 0.0000000e+00, 0.0000000e+00, 0.0000000e+00, 0.0000000e+00
 180,    17,    96, 149.5558575, 161.6468931, -0.9711659,  0.1491925, 160.7136140,  18.7882595, 3.830045, 4.242185,  1.0000000,   4.3174881, 333.7427623, 27.6592025, 0.0000000e+00, 0.0000000e+00, 0.0000000e+00, 0.0000000e+00
 331,   147,    76,  30.8587454, 161.6345740, -0.9339490,  0.1796189, 160.7134547,  18.7882595, 2.999406, 4.106210,  1.0000000,   4.3174881, 202.2158696, 26.7501779, 3.1639385e-01, 4.0896429e-01, 5.2530124e-01, 8.7188141e-01
 330,   147,    66,  21.9053994, 161.7190461, -0.9662949,  0.1419459, 160.7145270,  18.7882595, 3.396904, 4.216739,  1.0000000,   4.3174881, 200.7630581, 16.8569045, 3.2981215e-01, 4.2630640e-01, 5.4757297e-01, 9.1765175e-01
 333,   147,    96,  49.9362295, 161.4763714, -0.8389949,  0.2369870, 160.7113098,  18.7882595, 2.442141, 3.746157,  0.9952371,   4.3174881, 205.1200177, 46.5386597, 1.8236864e-01, 2.3573064e-01, 3.0279621e-01, 4.8339225e-01
 332,   147,    86,  40.2930866, 161.5536786, -0.8908019,  0.2116324, 160.7123823,  18.7882595, 2.686208, 3.953075,  1.0000000,   4.3174881, 203.6683450, 36.6443224, 2.9489396e-01, 3.8117687e-01, 4.8961420e-01, 8.0057018e-01
 334,   147,   106,  59.6870540, 161.4026619, -0.7807412,  0.2551642, 160.7102374,  18.7882595, 2.249491, 3.115351,  0.8784795,   4.3174881, 206.5723069, 56.4326468, 6.7413550e-02, 8.7143926e-02, 1.1194473e-01, 1.5867053e-01
 318,   127,    96,  57.8914197, 161.5015260, -0.8782890,  0.2236995, 160.7116643,  18.7882595, 2.906066, 3.913067,  1.0000000,   4.3174881, 224.9084775, 43.6342160, 1.1823879e-01, 1.5283456e-01, 1.9631355e-01, 3.1962651e-01
 317,   127,    86,  49.8091065, 161.5800161, -0.9199513,  0.1959542, 160.7127367,  18.7882595, 3.178925, 4.060984,  1.0000000,   4.3174881, 223.4561983, 33.7403923, 2.0924725e-01, 2.7046935e-01, 3.4741002e-01, 5.7419757e-01
 316,   127,    76,  42.5354728, 161.6620962, -0.9534913,  0.1632046, 160.7138091,  18.7882595, 3.480769, 4.176556,  1.0000000,   4.3174881, 222.0036405, 23.8462944, 2.9747189e-01, 3.8450491e-01, 4.9388185e-01, 8.2486223e-01
 315,   127,    66,  36.5574020, 161.7477553, -0.9774328,  0.1263914, 160.7148815,  18.7882595, 3.771353, 4.255190,  1.0000000,   4.3174881, 220.5512714, 13.9526014, 3.3448004e-01, 4.3233928e-01, 5.5532075e-01, 9.3357410e-01
 273,    67,   106, 108.6022817, 161.5008809, -0.9180491,  0.2061888, 160.7116553,  18.7882595, 3.472941, 4.062405,  1.0000000,   4.3174881, 285.7246502, 44.8151459, 0.0000000e+00, 0.0000000e+00, 0.0000000e+00, 0.0000000e+00
 272,    67,    96, 103.5560262, 161.5793473, -0.9453531,  0.1804298, 160.7127277,  18.7882595, 3.636314, 4.155226,  1.0000000,   4.3174881, 284.2719759, 34.9205095, 0.0000000e+00, 0.0000000e+00, 0.0000000e+00, 0.0000000e+00
 271,    67,    86,  99.2586828, 161.6613942, -0.9672400,  0.1519948, 160.7138001,  18.7882595, 3.780237, 4.227294,  1.0000000,   4.3174881, 282.8200165, 25.0268271, 0.0000000e+00, 0.0000000e+00, 0.0000000e+00, 0.0000000e+00
 270,    67,    76,  95.8097767, 161.7470236, -0.9830930,  0.1213954, 160.7148725,  18.7882595, 3.889788, 4.276730,  1.0000000,   4.3174881, 281.3679455, 15.1331044, 0.0000000e+00, 0.0000000e+00, 0.0000000e+00, 0.0000000e+00
 303,   107,    96,  70.7745369, 161.5270722, -0.9073278,  0.2091137, 160.7120187,  18.7882595, 3.249874, 4.020071,  1.0000000,   4.3174881, 244.6961592, 40.7298900, 0.0000000e+00, 0.0000000e+00, 0.0000000e+00, 0.0000000e+00
 304,   107,   106,  77.9661285, 161.4509863, -0.8674935,  0.2334489, 160.7109463,  18.7882595, 3.021522, 3.878641,  1.0000000,   4.3174881, 246.1483649, 50.6237918, 0.0000000e+00, 0.0000000e+00, 0.0000000e+00, 0.0000000e+00
 301,   107,    76,  58.8739371, 161.6900121, -0.9670105,  0.1479107, 160.7141635,  18.7882595, 3.716175, 4.223613,  1.0000000,   4.3174881, 241.7917034, 20.9421427, 1.2262651e-01, 1.5850371e-01, 2.0359139e-01, 3.4138403e-01
 302,   107,    86,  64.3293424, 161.6067502, -0.9408847,  0.1803955, 160.7130912,  18.7882595, 3.489058, 4.136249,  1.0000000,   4.3174881, 243.2447696, 30.8359078, 6.0494703e-02, 7.8194121e-02, 1.0043760e-01, 1.6715603e-01
 354,   177,   106,  60.6448928, 151.5478412, -0.6747336,  0.2554408, 150.8459528,  18.7882595, 1.744976, 1.783958,  0.5727126,   4.3174881, 176.8909132, 60.7894670, 1.0749805e-02, 1.3908873e-02, 1.7889326e-02, -2.7991392e-02
 218,   177,    96,  50.7805586, 150.1783899, -0.7512836,  0.2484946, 149.3932556,  18.7882595, 1.877884, 2.231865,  0.6532633,   4.3174881, 175.4382160, 50.8953067, 5.6920524e-02, 7.3597355e-02, 9.4572913e-02, 6.1319690e-02
 353,   177,    86,  40.9165873, 148.8156496, -0.8229293,  0.2314875, 147.9417405,  18.7882595, 2.049859, 2.795807,  0.7574902,   4.3174881, 173.9867009, 41.0015103, 1.5250467e-01, 1.9714883e-01, 2.5327302e-01, 3.1918436e-01
 186,    58,    36, 102.0336704, 161.8101176, -0.9772563, -0.0109656, 160.7156354,  18.7882595, 3.785653, 4.219558,  1.0000000,   4.3174881, 285.4522647, -25.8954802, 0.0000000e+00, 0.0000000e+00, 0.0000000e+00, 0.0000000e+00
 235,    28,    16, 135.0808107, 161.8101176, -0.9360206, -0.0682681, 160.7156354,  18.7882595, 3.523223, 4.051992,  1.0000000,   4.3174881, 312.2300246, -50.0399777, 0.0000000e+00, 0.0000000e+00, 0.0000000e+00, 0.0000000e+00
 260,    58,    26, 103.6184781, 161.8101176, -0.9585005, -0.0407422, 160.7156354,  18.7882595, 3.632786, 4.142052,  1.0000000,   4.3174881, 284.0007434, -35.7895822, 0.0000000e+00, 0.0000000e+00, 0.0000000e+00, 0.0000000e+00
 261,    58,    46, 101.4160078, 161.8101176, -0.9893738,  0.0202764, 160.7156354,  18.7882595, 3.896345, 4.272507,  1.0000000,   4.3174881, 286.9050324, -16.0015611, 0.0000000e+00, 0.0000000e+00, 0.0000000e+00, 0.0000000e+00
 84,   107,    42,  52.1537743, 161.8101176, -0.9880815,  0.0217551, 160.7156354,  18.7882595, 3.871841, 4.267064,  1.0000000,   4.3174881, 237.3183518, -12.7937868, 1.9983107e-01, 2.5829576e-01, 3.3176930e-01, 5.5828418e-01
 280,    88,    36,  72.2947838, 161.8101176, -0.9788372, -0.0050386, 160.7156354,  18.7882595, 3.773178, 4.226174,  1.0000000,   4.3174881, 255.7704249, -21.5390520, 0.0000000e+00, 0.0000000e+00, 0.0000000e+00, 0.0000000e+00
 284,    87,    76,  76.9601321, 161.7183252, -0.9764573,  0.1339720, 160.7145181,  18.7882595, 3.831401, 4.255338,  1.0000000,   4.3174881, 261.5797484, 18.0372990, 0.0000000e+00, 0.0000000e+00, 0.0000000e+00, 0.0000000e+00
 285,    87,    86,  81.2119881, 161.6338769, -0.9560905,  0.1656531, 160.7134457,  18.7882595, 3.671957, 4.189410,  1.0000000,   4.3174881, 263.0326392, 27.9313066, 0.0000000e+00, 0.0000000e+00, 0.0000000e+00, 0.0000000e+00
 282,    87,    56,  71.9375903, 161.8101176, -0.9942994,  0.0650789, 160.7156354,  18.7882595, 3.970359, 4.302061,  1.0000000,   4.3174881, 258.6751480, -1.7508810, 0.0000000e+00, 0.0000000e+00, 0.0000000e+00, 0.0000000e+00
 283,    87,    66,  73.8186495, 161.8063491, -0.9893833,  0.1001644, 160.7155904,  18.7882595, 3.935854, 4.293486,  1.0000000,   4.3174881, 260.1269834,  8.1436302, 0.0000000e+00, 0.0000000e+00, 0.0000000e+00, 0.0000000e+00
 299,   107,    56,  52.1419625, 161.8101176, -0.9930552,  0.0751702, 160.7156354,  18.7882595, 3.976166, 4.299770,  1.0000000,   4.3174881, 238.8874006,  1.1541142, 2.0232685e-01, 2.6152138e-01, 3.3591186e-01, 5.6671574e-01
 286,    87,    96,  86.4088686, 161.5530112, -0.9290093,  0.1944859, 160.7123732,  18.7882595, 3.482620, 4.097938,  1.0000000,   4.3174881, 264.4838238, 37.8254937, 0.0000000e+00, 0.0000000e+00, 0.0000000e+00, 0.0000000e+00
 295,   108,    16,  60.1813663, 161.8101176, -0.9269988, -0.0681398, 160.7156354,  18.7882595, 3.189634, 4.013104,  1.0000000,   4.3174881, 233.0778745, -38.4221036, 9.9852503e-02, 1.2906791e-01, 1.6578451e-01, 2.7273755e-01
 294,   108,     6,  65.9356428, 161.8101176, -0.8868771, -0.0960991, 160.7156354,  18.7882595, 2.899517, 3.851495,  1.0000000,   4.3174881, 231.6254705, -48.3156654, 3.8675263e-02, 4.9991525e-02, 6.4213613e-02, 1.0383131e-01
 252,    48,    36, 111.9780211, 161.8101176, -0.9767587, -0.0126851, 160.7156354,  18.7882595, 3.787606, 4.217500,  1.0000000,   4.3174881, 295.3466713, -27.3476310, 0.0000000e+00, 0.0000000e+00, 0.0000000e+00, 0.0000000e+00
 251,    48,    26, 113.4228797, 161.8101176, -0.9585076, -0.0415188, 160.7156354,  18.7882595, 3.646601, 4.142226,  1.0000000,   4.3174881, 293.8940563, -37.2414122, 0.0000000e+00, 0.0000000e+00, 0.0000000e+00, 0.0000000e+00
 250,    48,    16, 115.7180220, 161.8101176, -0.9343226, -0.0683373, 160.7156354,  18.7882595, 3.479367, 4.044702,  1.0000000,   4.3174881, 292.4423650, -47.1357166, 0.0000000e+00, 0.0000000e+00, 0.0000000e+00, 0.0000000e+00
 253,    48,    46, 111.4152401, 161.8101176, -0.9888437,  0.0175404, 160.7156354,  18.7882595, 3.891193, 4.269992,  1.0000000,   4.3174881, 296.7991411, -17.4535318, 0.0000000e+00, 0.0000000e+00, 0.0000000e+00, 0.0000000e+00
 214,   178,    16,  28.2615584, 139.0505711, -0.9089598, -0.0649800, 137.7754065,  18.7882595, 2.324267, 3.634626,  0.9237979,   4.3174881, 163.8203669, -28.2571617, 2.5914363e-01, 3.3497286e-01, 4.3027719e-01, 6.7659873e-01
 90,    99,    11,  70.0035023, 161.8101176, -0.9092357, -0.0831259, 160.7156354,  18.7882595, 3.112239, 3.941986,  1.0000000,   4.3174881, 240.5468947, -44.8026326, 0.0000000e+00, 0.0000000e+00, 0.0000000e+00, 0.0000000e+00
 350,   178,    26,  18.3691684, 140.4895243, -0.9562424, -0.0236663, 139.2275395,  18.7882595, 2.699586, 4.129829,  1.0000000,   4.3174881, 165.2724999, -18.3624032, 3.1926129e-01, 4.1267023e-01, 5.3006063e-01, 8.8166236e-01
 208,   137,    96,  53.1282668, 161.4888951, -0.8601462,  0.2306236, 160.7114870,  18.7882595, 2.687119, 3.844841,  1.0000000,   4.3174881, 215.0147114, 45.0870341, 1.6009232e-01, 2.0693491e-01, 2.6580595e-01, 4.2946916e-01
 339,   157,   106,  58.5955479, 161.3908263, -0.7503145,  0.2577262, 160.7100602,  18.7882595, 2.027871, 2.548950,  0.7441641,   4.3174881, 196.6788452, 57.8848941, 4.8409079e-02, 6.2583954e-02, 8.0406524e-02, 8.6301432e-02
 321,   138,    46,  21.4514120, 161.8101176, -0.9918103,  0.0506873, 160.7156354,  18.7882595, 3.956468, 4.287718,  1.0000000,   4.3174881, 207.7533108, -4.3841187, 3.3842890e-01, 4.3744288e-01, 5.6187508e-01, 9.4704382e-01
 205,   138,    36,  24.2054236, 161.8101176, -0.9815684,  0.0083926, 160.7156354,  18.7882595, 3.635517, 4.238065,  1.0000000,   4.3174881, 206.3003774, -14.2776389, 3.3240105e-01, 4.2965235e-01, 5.5187003e-01, 9.2648258e-01
 320,   138,    26,  30.1934761, 161.8101176, -0.9578306, -0.0316601, 160.7156354,  18.7882595, 3.184931, 4.137681,  1.0000000,   4.3174881, 204.8479996, -24.1711259, 3.2021445e-01, 4.1390212e-01, 5.3164269e-01, 8.8491363e-01
 298,   108,    46,  51.4242389, 161.8101176, -0.9915640,  0.0371409, 160.7156354,  18.7882595, 3.929342, 4.284068,  1.0000000,   4.3174881, 237.4341738, -8.7402716, 2.0927814e-01, 2.7050658e-01, 3.4745322e-01, 5.8546620e-01
 264,    57,   106, 117.1456261, 161.5136059, -0.9271162,  0.1994566, 160.7118326,  18.7882595, 3.545843, 4.094398,  1.0000000,   4.3174881, 295.6180188, 43.3622136, 0.0000000e+00, 0.0000000e+00, 0.0000000e+00, 0.0000000e+00
 242,    27,    86, 136.9884624, 161.7176025, -0.9815761,  0.1280713, 160.7145091,  18.7882595, 3.884569, 4.273864,  1.0000000,   4.3174881, 322.3958004, 19.2179138, 0.0000000e+00, 0.0000000e+00, 0.0000000e+00, 0.0000000e+00
 241,    27,    76, 134.5074836, 161.8056003, -0.9910129,  0.0999148, 160.7155815,  18.7882595, 3.933542, 4.300378,  1.0000000,   4.3174881, 320.9436133,  9.3238374, 0.0000000e+00, 0.0000000e+00, 0.0000000e+00, 0.0000000e+00
 244,    27,   106, 143.9081076, 161.5523524, -0.9484533,  0.1801999, 160.7123643,  18.7882595, 3.702427, 4.168189,  1.0000000,   4.3174881, 325.3005110, 39.0056491, 0.0000000e+00, 0.0000000e+00, 0.0000000e+00, 0.0000000e+00
 243,    27,    96, 140.1363302, 161.6331844, -0.9672738,  0.1549657, 160.7134367,  18.7882595, 3.805269, 4.229448,  1.0000000,   4.3174881, 323.8478119, 29.1118839, 0.0000000e+00, 0.0000000e+00, 0.0000000e+00, 0.0000000e+00
 134,    72,    30,  88.9959076, 161.8101176, -0.9670399, -0.0274742, 160.7156354,  18.7882595, 3.681173, 4.176868,  1.0000000,   4.3174881, 270.6044629, -29.8367061, 0.0000000e+00, 0.0000000e+00, 0.0000000e+00, 0.0000000e+00
 135,    67,    33,  93.4511208, 161.8101176, -0.9729068, -0.0183266, 160.7156354,  18.7882595, 3.739723, 4.201259,  1.0000000,   4.3174881, 276.0942357, -27.4292592, 0.0000000e+00, 0.0000000e+00, 0.0000000e+00, 0.0000000e+00
 138,    57,    39, 101.9570486, 161.8101176, -0.9815606, -0.0018130, 160.7156354,  18.7882595, 3.823632, 4.237883,  1.0000000,   4.3174881, 286.0939873, -22.9753914, 0.0000000e+00, 0.0000000e+00, 0.0000000e+00, 0.0000000e+00
 139,    54,    41, 104.9053638, 161.8101176, -0.9832237,  0.0019099, 160.7156354,  18.7882595, 3.839637, 4.245065,  1.0000000,   4.3174881, 289.3275993, -22.0203690, 0.0000000e+00, 0.0000000e+00, 0.0000000e+00, 0.0000000e+00
 136,    63,    35,  96.2780679, 161.8101176, -0.9763533, -0.0122600, 160.7156354,  18.7882595, 3.773358, 4.215726,  1.0000000,   4.3174881, 279.5188392, -25.7900397, 0.0000000e+00, 0.0000000e+00, 0.0000000e+00, 0.0000000e+00
 137,    60,    38,  98.9635611, 161.8101176, -0.9793539, -0.0064356, 160.7156354,  18.7882595, 3.802245, 4.228440,  1.0000000,   4.3174881, 282.7205476, -24.1914363, 0.0000000e+00, 0.0000000e+00, 0.0000000e+00, 0.0000000e+00
 226,     7,    86, 156.2771235, 161.7462949, -0.9861069,  0.1176893, 160.7148636,  18.7882595, 3.908019, 4.287719,  1.0000000,   4.3174881, 342.1841172, 16.3132902, 0.0000000e+00, 0.0000000e+00, 0.0000000e+00, 0.0000000e+00
 198,    97,    96,  78.3439780, 161.5399954, -0.9189466,  0.2017549, 160.7121960,  18.7882595, 3.378161, 4.062038,  1.0000000,   4.3174881, 254.5901605, 39.2773454, 0.0000000e+00, 0.0000000e+00, 0.0000000e+00, 0.0000000e+00
 293,    97,   106,  84.8976247, 161.4633163, -0.8827226,  0.2267401, 160.7111236,  18.7882595, 3.163047, 3.934865,  1.0000000,   4.3174881, 256.0421348, 49.1711488, 0.0000000e+00, 0.0000000e+00, 0.0000000e+00, 0.0000000e+00
 177,    18,    36, 141.8571894, 161.8101176, -0.9753627, -0.0172310, 160.7156354,  18.7882595, 3.790473, 4.211774,  1.0000000,   4.3174881, 325.0286822, -31.7041004, 0.0000000e+00, 0.0000000e+00, 0.0000000e+00, 0.0000000e+00
 89,   116,    72,  49.2908972, 161.7196125, -0.9728496,  0.1370578, 160.7145341,  18.7882595, 3.752890, 4.241745,  1.0000000,   4.3174881, 232.8926942, 17.3721549, 2.2976602e-01, 2.9698912e-01, 3.8146972e-01, 6.4060620e-01
 362,   187,    76,  32.5004153, 137.6190199, -0.8625856,  0.2114826, 136.5947705,  18.7882595, 2.180291, 3.207714,  0.8365403,   4.3174881, 162.6397308, 32.5598908, 2.0731645e-01, 2.6799028e-01, 3.4425432e-01, 4.9981425e-01
 361,   187,    66,  22.6365134, 136.2743392, -0.9219036,  0.1766443, 135.1425664,  18.7882595, 2.485043, 4.052715,  1.0000000,   4.3174881, 161.1875268, 22.6661640, 3.0989964e-01, 4.0057104e-01, 5.1452214e-01, 8.4972942e-01
 364,   187,    96,  52.2290568, 140.3277657, -0.7113164,  0.2474848, 139.4995440,  18.7882595, 1.801234, 1.973141,  0.6068082,   4.3174881, 165.5445044, 52.3481846, 3.4025063e-02, 4.4004350e-02, 5.6563734e-02, -6.7660554e-03
 363,   187,    86,  42.3652555, 138.9698237, -0.7908544,  0.2352601, 138.0466998,  18.7882595, 1.963029, 2.511000,  0.7048658,   4.3174881, 164.0916602, 42.4545587, 1.1305872e-01, 1.4616561e-01, 1.8779330e-01, 1.9464543e-01
 365,   187,   106,  62.0934428, 141.6913138, -0.6280644,  0.2486493, 140.9519552,  18.7882595, 1.676666, 1.549538,  0.5313125,   4.3174881, 166.9969156, 62.2423969, 1.5849819e-03, 2.0616426e-03, 2.6702894e-03, -4.9241055e-02
 268,    67,    56,  91.8223998, 161.8101176, -0.9947374,  0.0562590, 160.7156354,  18.7882595, 3.959994, 4.301630,  1.0000000,   4.3174881, 278.4635614, -4.6551809, 0.0000000e+00, 0.0000000e+00, 0.0000000e+00, 0.0000000e+00
 342,   168,    36,   9.9330469, 151.7416768, -0.9827825,  0.0196756, 150.5740276,  18.7882595, 3.202161, 4.244002,  1.0000000,   4.3174881, 176.6189880, -9.9205305, 3.3312186e-01, 4.3058394e-01, 5.5306643e-01, 9.2894129e-01
 267,    68,    46,  91.4167835, 161.8101176, -0.9898888,  0.0231997, 160.7156354,  18.7882595, 3.901914, 4.275007,  1.0000000,   4.3174881, 277.0108457, -14.5489588, 0.0000000e+00, 0.0000000e+00, 0.0000000e+00, 0.0000000e+00
 266,    68,    36,  92.1027179, 161.8101176, -0.9777698, -0.0091261, 160.7156354,  18.7882595, 3.782872, 4.221693,  1.0000000,   4.3174881, 275.5591858, -24.4432519, 0.0000000e+00, 0.0000000e+00, 0.0000000e+00, 0.0000000e+00
 265,    68,    26,  93.8543081, 161.8101176, -0.9584863, -0.0399043, 160.7156354,  18.7882595, 3.615933, 4.141838,  1.0000000,   4.3174881, 274.1068554, -34.3367671, 0.0000000e+00, 0.0000000e+00, 0.0000000e+00, 0.0000000e+00
 341,   168,    26,  19.8206664, 150.2998715, -0.9568152, -0.0260177, 149.1209331,  18.7882595, 2.691499, 4.132565,  1.0000000,   4.3174881, 175.1658935, -19.8143969, 3.1959341e-01, 4.1309947e-01, 5.3061187e-01, 8.8279522e-01
 340,   168,    16,  29.7128899, 148.8601989, -0.9127295, -0.0658990, 147.6697672,  18.7882595, 2.338911, 3.684951,  0.9326732,   4.3174881, 173.7147275, -29.7087081, 2.6525309e-01, 3.4286886e-01, 4.4041769e-01, 6.9743835e-01
 269,    67,    66,  93.3039256, 161.8101176, -0.9923911,  0.0892467, 160.7156354,  18.7882595, 3.952355, 4.301928,  1.0000000,   4.3174881, 279.9160101,  5.2385896, 0.0000000e+00, 0.0000000e+00, 0.0000000e+00, 0.0000000e+00
 200,   118,    36,  42.9207010, 161.8101176, -0.9804992,  0.0023648, 160.7156354,  18.7882595, 3.732247, 4.233306,  1.0000000,   4.3174881, 226.0889696, -17.1818827, 2.9951810e-01, 3.8714884e-01, 4.9727623e-01, 8.3450449e-01
 289,    98,    26,  64.9938825, 161.8101176, -0.9583596, -0.0369689, 160.7156354,  18.7882595, 3.533821, 4.140783,  1.0000000,   4.3174881, 244.4247635, -29.9799939, 5.3497225e-02, 6.9149321e-02, 8.8819848e-02, 1.4788045e-01
 306,   118,    46,  41.4299526, 161.8101176, -0.9917957,  0.0413133, 160.7156354,  18.7882595, 3.937782, 4.285780,  1.0000000,   4.3174881, 227.5414842, -7.2877717, 3.2207361e-01, 4.1630255e-01, 5.3472137e-01, 9.0113864e-01
 194,    98,    16,  68.9200679, 161.8101176, -0.9285342, -0.0682425, 160.7156354,  18.7882595, 3.267761, 4.019748,  1.0000000,   4.3174881, 242.9723607, -39.8743620, 1.1011614e-02, 1.4233450e-02, 1.8282503e-02, 3.0096903e-02
 199,   118,    16,  51.9005603, 161.8101176, -0.9252900, -0.0679892, 160.7156354,  18.7882595, 3.088257, 4.005699,  1.0000000,   4.3174881, 223.1840922, -36.9695629, 1.8352339e-01, 2.3721978e-01, 3.0470304e-01, 5.0090793e-01
 288,    98,     6,  73.9979908, 161.8101176, -0.8905814, -0.0955527, 160.7156354,  18.7882595, 2.999422, 3.867143,  1.0000000,   4.3174881, 241.5197919, -49.7683091, 0.0000000e+00, 0.0000000e+00, 0.0000000e+00, 0.0000000e+00
 305,   118,    26,  46.5608502, 161.8101176, -0.9581685, -0.0345593, 160.7156354,  18.7882595, 3.422871, 4.139571,  1.0000000,   4.3174881, 224.6364225, -27.0755613, 2.5036444e-01, 3.2361551e-01, 4.1567267e-01, 6.9199900e-01
 222,     8,    46, 151.4122523, 161.8101176, -0.9866819,  0.0081439, 160.7156354,  18.7882595, 3.873916, 4.260132,  1.0000000,   4.3174881, 336.3743118, -23.2627955, 0.0000000e+00, 0.0000000e+00, 0.0000000e+00, 0.0000000e+00
 221,     8,    36, 151.8274282, 161.8101176, -0.9749289, -0.0185723, 160.7156354,  18.7882595, 3.790820, 4.210008,  1.0000000,   4.3174881, 334.9224900, -33.1567875, 0.0000000e+00, 0.0000000e+00, 0.0000000e+00, 0.0000000e+00
 220,     8,    26, 152.8971369, 161.8101176, -0.9584716, -0.0441516, 160.7156354,  18.7882595, 3.683025, 4.142578,  1.0000000,   4.3174881, 333.4707615, -43.0512863, 0.0000000e+00, 0.0000000e+00, 0.0000000e+00, 0.0000000e+00
 201,   117,    56,  42.3161724, 161.8101176, -0.9919939,  0.0807611, 160.7156354,  18.7882595, 3.973919, 4.297092,  1.0000000,   4.3174881, 228.9935005,  2.6060913, 3.1335046e-01, 4.0502709e-01, 5.2023824e-01, 8.7750891e-01
 87,   103,    21,  62.4481088, 161.8101176, -0.9416723, -0.0552912, 160.7156354,  18.7882595, 3.349779, 4.072661,  1.0000000,   4.3174881, 238.4937397, -34.9742709, 7.8620488e-02, 1.0162342e-01, 1.3053223e-01, 2.1598131e-01
 195,    98,    36,  62.4367818, 161.8101176, -0.9793877, -0.0027583, 160.7156354,  18.7882595, 3.764806, 4.228512,  1.0000000,   4.3174881, 245.8760206, -20.0865570, 8.3508342e-02, 1.0794060e-01, 1.3864515e-01, 2.3257567e-01
 49,   128,    28,  36.8697598, 161.8101176, -0.9618031, -0.0281449, 160.7156354,  18.7882595, 3.376303, 4.154351,  1.0000000,   4.3174881, 214.5393136, -24.2378534, 3.2223820e-01, 4.1651765e-01, 5.3500170e-01, 8.9181670e-01
 287,    87,   106,  92.3936592, 161.4757397, -0.8960576,  0.2198956, 160.7113008,  18.7882595, 3.283935, 3.983507,  1.0000000,   4.3174881, 265.9363476, 47.7191407, 0.0000000e+00, 0.0000000e+00, 0.0000000e+00, 0.0000000e+00
 277,    77,    86,  90.1320311, 161.6475827, -0.9620900,  0.1586831, 160.7136228,  18.7882595, 3.733032, 4.209933,  1.0000000,   4.3174881, 272.9257519, 26.4795178, 0.0000000e+00, 0.0000000e+00, 0.0000000e+00, 0.0000000e+00
 275,    78,    46,  81.4184507, 161.8101176, -0.9903784,  0.0263236, 160.7156354,  18.7882595, 3.907935, 4.277457,  1.0000000,   4.3174881, 267.1171565, -13.0972811, 0.0000000e+00, 0.0000000e+00, 0.0000000e+00, 0.0000000e+00
 191,    77,    56,  81.8723529, 161.8101176, -0.9945977,  0.0605234, 160.7156354,  18.7882595, 3.965412, 4.302107,  1.0000000,   4.3174881, 268.5687494, -3.2030753, 0.0000000e+00, 0.0000000e+00, 0.0000000e+00, 0.0000000e+00
 276,    77,    66,  83.5307432, 161.8101176, -0.9910603,  0.0945387, 160.7156354,  18.7882595, 3.946177, 4.298315,  1.0000000,   4.3174881, 270.0214640,  6.6906193, 0.0000000e+00, 0.0000000e+00, 0.0000000e+00, 0.0000000e+00
 192,    77,    76,  86.3196939, 161.7326228, -0.9800658,  0.1275194, 160.7146953,  18.7882595, 3.865435, 4.267090,  1.0000000,   4.3174881, 271.4731254, 16.5855028, 0.0000000e+00, 0.0000000e+00, 0.0000000e+00, 0.0000000e+00
 47,    97,     2,  76.5442113, 161.8101176, -0.8733820, -0.1051826, 160.7156354,  18.7882595, 2.898754, 3.798064,  1.0000000,   4.3174881, 241.2228477, -53.7831843, 0.0000000e+00, 0.0000000e+00, 0.0000000e+00, 0.0000000e+00
 355,   188,     6,  36.7007282, 127.8173301, -0.8332046, -0.0949401, 126.4289175,  18.7882595, 2.028244, 2.695160,  0.7443900,   4.3174881, 152.4738779, -36.6973426, 1.4509244e-01, 1.8757063e-01, 2.4097477e-01, 2.8756581e-01
 249,    37,   106, 134.8367387, 161.5393358, -0.9421894,  0.1864416, 160.7121870,  18.7882595, 3.658884, 4.146770,  1.0000000,   4.3174881, 315.4069726, 40.4582294, 0.0000000e+00, 0.0000000e+00, 0.0000000e+00, 0.0000000e+00
 185,    37,    96, 130.8039836, 161.6195734, -0.9628359,  0.1609769, 160.7132594,  18.7882595, 3.774944, 4.214732,  1.0000000,   4.3174881, 313.9538154, 30.5646201, 0.0000000e+00, 0.0000000e+00, 0.0000000e+00, 0.0000000e+00
 248,    37,    86, 127.4259414, 161.7034073, -0.9787516,  0.1336406, 160.7143319,  18.7882595, 3.867399, 4.264958,  1.0000000,   4.3174881, 312.5014029, 20.6697246, 0.0000000e+00, 0.0000000e+00, 0.0000000e+00, 0.0000000e+00
 184,    37,    76, 124.7556257, 161.7908094, -0.9895328,  0.1048652, 160.7154042,  18.7882595, 3.927907, 4.296219,  1.0000000,   4.3174881, 311.0490466, 10.7761720, 0.0000000e+00, 0.0000000e+00, 0.0000000e+00, 0.0000000e+00
 247,    37,    66, 122.8414308, 161.8101176, -0.9948577,  0.0751314, 160.7156354,  18.7882595, 3.956308, 4.307517,  1.0000000,   4.3174881, 309.5978485,  0.8820275, 0.0000000e+00, 0.0000000e+00, 0.0000000e+00, 0.0000000e+00
 314,   127,    56,  32.5962351, 161.8101176, -0.9905343,  0.0867595, 160.7156354,  18.7882595, 3.962857, 4.292993,  1.0000000,   4.3174881, 219.0993365,  4.0585586, 3.3906939e-01, 4.3827065e-01, 5.6293815e-01, 9.4922853e-01
 91,    99,     8,  71.3779935, 161.8101176, -0.8989377, -0.0900930, 160.7156354,  18.7882595, 3.041564, 3.900596,  1.0000000,   4.3174881, 240.1471408, -47.3755873, 0.0000000e+00, 0.0000000e+00, 0.0000000e+00, 0.0000000e+00
 44,   105,    36,  54.8388513, 161.8101176, -0.9797083, -0.0011070, 160.7156354,  18.7882595, 3.754021, 4.229882,  1.0000000,   4.3174881, 238.1909894, -19.0253971, 1.6748402e-01, 2.1648526e-01, 2.7806616e-01, 4.6650552e-01
 311,   128,    26,  37.9449466, 161.8101176, -0.9580207, -0.0331822, 160.7156354,  18.7882595, 3.328792, 4.138723,  1.0000000,   4.3174881, 214.7423299, -25.6240714, 3.2034099e-01, 4.1406567e-01, 5.3185272e-01, 8.8534527e-01
 310,   128,    16,  44.3348793, 161.8101176, -0.9233729, -0.0677810, 160.7156354,  18.7882595, 2.954353, 3.997378,  1.0000000,   4.3174881, 213.2902134, -35.5177760, 2.5937316e-01, 3.3526229e-01, 4.3063649e-01, 7.0734291e-01
 313,   128,    46,  31.4367982, 161.8101176, -0.9918934,  0.0458171, 160.7156354,  18.7882595, 3.946899, 4.287054,  1.0000000,   4.3174881, 217.6469697, -5.8357259, 3.3834836e-01, 4.3733878e-01, 5.6174139e-01, 9.4676907e-01
 312,   128,    36,  33.3770289, 161.8101176, -0.9810445,  0.0052514, 160.7156354,  18.7882595, 3.698598, 4.235709,  1.0000000,   4.3174881, 216.1943789, -15.7299071, 3.3211502e-01, 4.2928267e-01, 5.5139528e-01, 9.2550692e-01
 41,    24,     8, 140.4850194, 161.8101176, -0.9144323, -0.0872820, 160.7156354,  18.7882595, 3.402497, 3.965994,  1.0000000,   4.3174881, 314.4073845, -58.6693234, 0.0000000e+00, 0.0000000e+00, 0.0000000e+00, 0.0000000e+00