 ID     X      Y      Rrup         D           Rfn         Rfp          s            h          ctildepr    IDP          C          S            U            T         fD 2.00s        fD 3.00s        fD 5.00s        fD 10.00s    
 217,   177,    76,  31.0521991, 111.5352903, -0.8209516,  0.2106735, 110.2954291,  18.5008866, 2.039256, 2.748367,  0.7510642,   4.3174881, 172.5339031, 31.1072956, 1.5155173e-01, 1.9591875e-01, 2.5169591e-01, 3.0959869e-01
 216,   177,    56,  11.3248948, 108.9084626, -0.9563475,  0.1298289, 107.3905732,  18.5008866, 2.868671, 4.166893,  1.0000000,   4.3174881, 169.6290472, 11.3203431, 3.2376079e-01, 4.1848548e-01, 5.3752890e-01, 8.9701032e-01
 352,   177,    66,  21.1882978, 110.2173577, -0.9002985,  0.1774562, 108.8428952,  18.5008866, 2.358878, 3.743024,  0.9447745,   4.3174881, 171.0813692, 21.2135694, 2.7230312e-01, 3.5198047e-01, 4.5211934e-01, 7.2148625e-01
 215,   178,    36,   8.4825313, 106.1117546, -0.9705741,  0.0135886, 104.4864664,  18.5008866, 3.078238, 4.190853,  1.0000000,   4.3174881, 166.7249404, -8.4678712, 3.2666952e-01, 4.2224479e-01, 5.4235682e-01, 9.0693211e-01
 351,   178,    46,   1.5103902, 107.5420848, -0.9814262,  0.0727221, 105.9387427,  18.5008866, 3.797542, 4.248913,  1.0000000,   4.3174881, 168.1772167,  1.4257576, 3.3371800e-01, 4.3135440e-01, 5.5405591e-01, 9.3097475e-01
 257,    47,    86, 117.9367205, 125.7365226, -0.9697779,  0.1467566, 124.5206410,  18.5008866, 3.797877, 4.234676,  1.0000000,   4.3174881, 302.6076666, 22.1222821, 0.0000000e+00, 0.0000000e+00, 0.0000000e+00, 0.0000000e+00
 256,    47,    76, 115.0481218, 125.8460839, -0.9854049,  0.1140527, 124.5217134,  18.5008866, 3.878729, 4.282876,  1.0000000,   4.3174881, 301.1562858, 12.2283665, 0.0000000e+00, 0.0000000e+00, 0.0000000e+00, 0.0000000e+00
 347,   167,    86,  39.4684369, 122.6805037, -0.7730896,  0.2297807, 121.6419433,  18.5008866, 1.918501, 2.360457,  0.6778795,   4.3174881, 183.8804173, 39.5489811, 1.0445954e-01, 1.3505578e-01, 1.7353219e-01, 1.4896545e-01
 255,    47,    66, 112.9682610, 125.8890052, -0.9934816,  0.0797688, 124.5221218,  18.5008866, 3.920768, 4.303149,  1.0000000,   4.3174881, 299.7036402,  2.3341417, 0.0000000e+00, 0.0000000e+00, 0.0000000e+00, 0.0000000e+00
 254,    47,    56, 111.7472957, 125.8890052, -0.9935734,  0.0447790, 124.5221218,  18.5008866, 3.913678, 4.294096,  1.0000000,   4.3174881, 298.2507476, -7.5601347, 0.0000000e+00, 0.0000000e+00, 0.0000000e+00, 0.0000000e+00
 344,   167,    56,   9.8764363, 118.6936963, -0.9671182,  0.1207402, 117.2850281,  18.5008866, 3.032568, 4.207936,  1.0000000,   4.3174881, 179.5235021,  9.8675049, 3.2874343e-01, 4.2492515e-01, 5.4579910e-01, 9.1400629e-01
 343,   168,    46,   0.4992125, 117.3013095, -0.9846615,  0.0651253, 115.8331318,  18.5008866, 3.943592, 4.260552,  1.0000000,   4.3174881, 178.0716057, -0.0268157, 3.3513107e-01, 4.3318069e-01, 5.5640133e-01, 9.3579479e-01
 346,   167,    76,  29.6043621, 121.3433748, -0.8552286,  0.2064943, 120.1891231,  18.5008866, 2.152200, 3.112965,  0.8195151,   4.3174881, 182.4275971, 29.6550810, 1.9581399e-01, 2.5312426e-01, 3.2516251e-01, 4.6057894e-01
 258,    47,    96, 121.5777089, 125.6315380, -0.9472073,  0.1771129, 124.5195687,  18.5008866, 3.680492, 4.160434,  1.0000000,   4.3174881, 304.0602716, 32.0156098, 0.0000000e+00, 0.0000000e+00, 0.0000000e+00, 0.0000000e+00
 345,   167,    66,  19.7407577, 120.0140863, -0.9221049,  0.1693503, 118.7365515,  18.5008866, 2.493459, 4.047762,  1.0000000,   4.3174881, 180.9750255, 19.7616525, 3.0929830e-01, 3.9979385e-01, 5.1352403e-01, 8.4767822e-01
 88,   102,    16,  65.5523885, 125.8890052, -0.8948285, -0.0861030, 124.5221218,  18.5008866, 3.103601, 3.881256,  1.0000000,   4.3174881, 238.8568467, -39.7850196, 4.2857841e-02, 5.5397818e-02, 7.1157781e-02, 1.1544931e-01
 336,   158,    46,   1.9712118, 125.8890052, -0.9866834,  0.0580815, 124.5221218,  18.5008866, 3.915270, 4.267368,  1.0000000,   4.3174881, 187.9650782, -1.4786494, 3.3595850e-01, 4.3425007e-01, 5.5777469e-01, 9.3861717e-01
 210,   158,    36,  11.3835062, 125.6440705, -0.9717462,  0.0042500, 124.2744931,  18.5008866, 2.985996, 4.195543,  1.0000000,   4.3174881, 186.5129671, -11.3725863, 3.2723890e-01, 4.2298067e-01, 5.4330189e-01, 9.0887430e-01
 335,   158,    26,  21.2728674, 124.2072307, -0.9301747, -0.0441027, 122.8216322,  18.5008866, 2.474182, 4.020530,  1.0000000,   4.3174881, 185.0601062, -21.2670260, 3.0599233e-01, 3.9552114e-01, 5.0803677e-01, 8.3640143e-01
 209,   158,    16,  31.1647096, 122.7718120, -0.8645637, -0.0818250, 121.3698274,  18.5008866, 2.133717, 3.030710,  0.8083135,   4.3174881, 183.6083014, -31.1607225, 1.8582817e-01, 2.4021837e-01, 3.0858803e-01, 4.2651694e-01
 176,    18,    16, 144.8274252, 125.8890052, -0.9184638, -0.0819736, 124.5221218,  18.5008866, 3.468730, 3.981219,  1.0000000,   4.3174881, 322.1241591, -51.4921386, 0.0000000e+00, 0.0000000e+00, 0.0000000e+00, 0.0000000e+00
 229,    18,     6, 147.3111653, 125.8890052, -0.8850510, -0.1049594, 124.5221218,  18.5008866, 3.309406, 3.847974,  1.0000000,   4.3174881, 320.6714753, -61.3857252, 0.0000000e+00, 0.0000000e+00, 0.0000000e+00, 0.0000000e+00
 319,   127,   106,  66.4880358, 125.4054194, -0.7662935,  0.2533833, 124.5170783,  18.5008866, 2.507349, 3.484640,  1.0000000,   4.3174881, 226.3605291, 53.5277549, 2.8205209e-02, 3.6458878e-02, 4.6832630e-02, 7.1935510e-02
 230,    18,    26, 143.0007888, 125.8890052, -0.9463181, -0.0559755, 124.5221218,  18.5008866, 3.614575, 4.092859,  1.0000000,   4.3174881, 323.5762886, -41.5985974, 0.0000000e+00, 0.0000000e+00, 0.0000000e+00, 0.0000000e+00
 66,    21,    43, 137.9825165, 125.8890052, -0.9796702, -0.0063488, 124.5221218,  18.5008866, 3.808711, 4.229803,  1.0000000,   4.3174881, 322.5628126, -24.4271217, 0.0000000e+00, 0.0000000e+00, 0.0000000e+00, 0.0000000e+00
 300,   107,    66,  54.7072236, 125.8470186, -0.9803017,  0.1174804, 124.5217224,  18.5008866, 3.854074, 4.262725,  1.0000000,   4.3174881, 240.3390912, 11.0479847, 1.7097062e-01, 2.2099164e-01, 2.8385390e-01, 4.7748869e-01
 281,    88,    46,  71.4198370, 125.8890052, -0.9876789,  0.0227060, 124.5221218,  18.5008866, 3.880396, 4.265418,  1.0000000,   4.3174881, 257.2230372, -11.6442673, 0.0000000e+00, 0.0000000e+00, 0.0000000e+00, 0.0000000e+00
 296,   108,    26,  55.6420252, 125.8890052, -0.9395730, -0.0510330, 124.5221218,  18.5008866, 3.393025, 4.062575,  1.0000000,   4.3174881, 234.5303861, -28.5277690, 1.4889055e-01, 1.9245331e-01, 2.4720066e-01, 4.0863376e-01
 297,   108,    36,  52.6337149, 125.8890052, -0.9710948, -0.0118891, 124.5221218,  18.5008866, 3.694751, 4.193005,  1.0000000,   4.3174881, 235.9828412, -18.6341085, 1.8925242e-01, 2.4462289e-01, 3.1420844e-01, 5.2551721e-01
 231,    18,    46, 141.4126600, 125.8890052, -0.9836829,  0.0026814, 124.5221218,  18.5008866, 3.833875, 4.247055,  1.0000000,   4.3174881, 326.4803705, -21.8100085, 0.0000000e+00, 0.0000000e+00, 0.0000000e+00, 0.0000000e+00
 279,    88,    26,  74.5145691, 125.8890052, -0.9417315, -0.0526237, 124.5221218,  18.5008866, 3.488703, 4.072258,  1.0000000,   4.3174881, 254.3190654, -31.4328762, 0.0000000e+00, 0.0000000e+00, 0.0000000e+00, 0.0000000e+00
 178,    17,    56, 141.6753629, 125.8890052, -0.9926919,  0.0340102, 124.5221218,  18.5008866, 3.893495, 4.288450,  1.0000000,   4.3174881, 327.9330324, -11.9165048, 0.0000000e+00, 0.0000000e+00, 0.0000000e+00, 0.0000000e+00
 85,   110,    51,  49.3280184, 125.8890052, -0.9915666,  0.0519337, 124.5221218,  18.5008866, 3.948304, 4.286945,  1.0000000,   4.3174881, 235.9322187, -3.8931231, 2.3313525e-01, 3.0134352e-01, 3.8706178e-01, 6.5235532e-01
 232,    17,    66, 142.6394054, 125.8890052, -0.9951609,  0.0657510, 124.5221218,  18.5008866, 3.914312, 4.305963,  1.0000000,   4.3174881, 329.3847883, -2.0226668, 0.0000000e+00, 0.0000000e+00, 0.0000000e+00, 0.0000000e+00
 219,     8,    16, 154.6066173, 125.8890052, -0.9200284, -0.0816037, 124.5221218,  18.5008866, 3.486202, 3.987806,  1.0000000,   4.3174881, 332.0182094, -52.9450971, 0.0000000e+00, 0.0000000e+00, 0.0000000e+00, 0.0000000e+00
 179,    17,    76, 144.2929871, 125.8890052, -0.9911997,  0.0972219, 124.5221218,  18.5008866, 3.896192, 4.300029,  1.0000000,   4.3174881, 330.8378297,  7.8719951, 0.0000000e+00, 0.0000000e+00, 0.0000000e+00, 0.0000000e+00
 240,    27,    66, 132.7325096, 125.8890052, -0.9947941,  0.0701327, 124.5221218,  18.5008866, 3.917266, 4.305672,  1.0000000,   4.3174881, 319.4909426, -0.5706710, 0.0000000e+00, 0.0000000e+00, 0.0000000e+00, 0.0000000e+00
 239,    27,    56, 131.6963224, 125.8890052, -0.9930497,  0.0373647, 124.5221218,  18.5008866, 3.899894, 4.290514,  1.0000000,   4.3174881, 318.0395751, -10.4643410, 0.0000000e+00, 0.0000000e+00, 0.0000000e+00, 0.0000000e+00
 238,    28,    46, 131.4140810, 125.8890052, -0.9842671,  0.0049673, 124.5221218,  18.5008866, 3.838939, 4.249616,  1.0000000,   4.3174881, 316.5873184, -20.3576594, 0.0000000e+00, 0.0000000e+00, 0.0000000e+00, 0.0000000e+00
 237,    28,    36, 131.8914611, 125.8890052, -0.9684675, -0.0262876, 124.5221218,  18.5008866, 3.738245, 4.182887,  1.0000000,   4.3174881, 315.1347254, -30.2521381, 0.0000000e+00, 0.0000000e+00, 0.0000000e+00, 0.0000000e+00
 236,    28,    26, 133.1205592, 125.8890052, -0.9458469, -0.0556299, 124.5221218,  18.5008866, 3.605087, 4.090740,  1.0000000,   4.3174881, 313.6824655, -40.1456568, 0.0000000e+00, 0.0000000e+00, 0.0000000e+00, 0.0000000e+00
 158,    96,    41,  62.9590731, 125.8890052, -0.9813194,  0.0062100, 124.5221218,  18.5008866, 3.815959, 4.236920,  1.0000000,   4.3174881, 247.8696318, -15.1420644, 7.7981089e-02, 1.0079619e-01, 1.2946840e-01, 2.1733191e-01
 159,    98,    40,  61.1940919, 125.8890052, -0.9782166, -0.0003407, 124.5221218,  18.5008866, 3.782859, 4.223439,  1.0000000,   4.3174881, 245.6602447, -16.5921592, 9.7048578e-02, 1.2544237e-01, 1.6112548e-01, 2.7017288e-01
 160,   101,    38,  58.8310421, 125.8890052, -0.9756074, -0.0050865, 124.5221218,  18.5008866, 3.753465, 4.212231,  1.0000000,   4.3174881, 242.9119965, -17.5460313, 1.2258482e-01, 1.5844990e-01, 2.0352241e-01, 3.4094535e-01
 161,   103,    37,  56.7880157, 125.8890052, -0.9732573, -0.0090027, 124.5221218,  18.5008866, 3.725956, 4.202207,  1.0000000,   4.3174881, 240.5127051, -18.3123178, 1.4447211e-01, 1.8674092e-01, 2.3986121e-01, 4.0148302e-01
 128,    90,    39,  69.0593516, 125.8890052, -0.9760788, -0.0059620, 124.5221218,  18.5008866, 3.767649, 4.214287,  1.0000000,   4.3174881, 253.2662759, -18.5994642, 1.0331909e-02, 1.3354751e-02, 1.7153629e-02, 2.8741084e-02
 162,    76,    26,  85.8848064, 125.8890052, -0.9419120, -0.0542464, 124.5221218,  18.5008866, 3.518822, 4.073433,  1.0000000,   4.3174881, 265.8845264, -33.3969323, 0.0000000e+00, 0.0000000e+00, 0.0000000e+00, 0.0000000e+00
 163,    78,    28,  82.9778774, 125.8890052, -0.9488988, -0.0465180, 124.5221218,  18.5008866, 3.563180, 4.101779,  1.0000000,   4.3174881, 263.8085362, -30.8008851, 0.0000000e+00, 0.0000000e+00, 0.0000000e+00, 0.0000000e+00
 164,    81,    30,  79.7908997, 125.8890052, -0.9548343, -0.0392457, 124.5221218,  18.5008866, 3.601930, 4.125967,  1.0000000,   4.3174881, 261.3297743, -28.3862078, 0.0000000e+00, 0.0000000e+00, 0.0000000e+00, 0.0000000e+00
 165,    85,    34,  75.4718874, 125.8890052, -0.9656419, -0.0243315, 124.5221218,  18.5008866, 3.682000, 4.170471,  1.0000000,   4.3174881, 258.3458090, -23.9021870, 0.0000000e+00, 0.0000000e+00, 0.0000000e+00, 0.0000000e+00
 166,    87,    35,  72.4888597, 125.8890052, -0.9683767, -0.0197560, 124.5221218,  18.5008866, 3.701496, 4.181825,  1.0000000,   4.3174881, 255.6954027, -22.4138057, 0.0000000e+00, 0.0000000e+00, 0.0000000e+00, 0.0000000e+00
 150,    63,    52,  95.8787737, 125.8890052, -0.9917963,  0.0359166, 124.5221218,  18.5008866, 3.906819, 4.284876,  1.0000000,   4.3174881, 282.1748860, -9.4129678, 0.0000000e+00, 0.0000000e+00, 0.0000000e+00, 0.0000000e+00
 151,    68,    50,  90.6551289, 125.8890052, -0.9907369,  0.0314543, 124.5221218,  18.5008866, 3.900155, 4.279650,  1.0000000,   4.3174881, 276.8189255, -10.3730977, 0.0000000e+00, 0.0000000e+00, 0.0000000e+00, 0.0000000e+00
 149,    60,    54,  99.5346947, 125.8890052, -0.9926911,  0.0407302, 124.5221218,  18.5008866, 3.912795, 4.289538,  1.0000000,   4.3174881, 285.9510432, -8.2560345, 0.0000000e+00, 0.0000000e+00, 0.0000000e+00, 0.0000000e+00
 154,    82,    48,  76.5493427, 125.8890052, -0.9892855,  0.0277875, 124.5221218,  18.5008866, 3.894047, 4.272913,  1.0000000,   4.3174881, 262.5644590, -10.6455484, 0.0000000e+00, 0.0000000e+00, 0.0000000e+00, 0.0000000e+00
 155,    86,    46,  72.6086022, 125.8890052, -0.9877089,  0.0225791, 124.5221218,  18.5008866, 3.880211, 4.265536,  1.0000000,   4.3174881, 258.4120314, -11.7402045, 0.0000000e+00, 0.0000000e+00, 0.0000000e+00, 0.0000000e+00
 152,    74,    49,  84.8395561, 125.8890052, -0.9901617,  0.0299052, 124.5221218,  18.5008866, 3.898002, 4.276961,  1.0000000,   4.3174881, 270.9455532, -10.5068895, 0.0000000e+00, 0.0000000e+00, 0.0000000e+00, 0.0000000e+00
 153,    79,    49,  80.2352271, 125.8890052, -0.9897990,  0.0292127, 124.5221218,  18.5008866, 3.897070, 4.275306,  1.0000000,   4.3174881, 266.3088723, -10.4649357, 0.0000000e+00, 0.0000000e+00, 0.0000000e+00, 0.0000000e+00
 156,    90,    44,  69.1530197, 125.8890052, -0.9853977,  0.0158036, 124.5221218,  18.5008866, 3.858020, 4.254990,  1.0000000,   4.3174881, 254.6378042, -13.2127296, 9.4425810e-03, 1.2205209e-02, 1.5677053e-02, 2.6354956e-02
 157,    93,    43,  65.7073317, 125.8890052, -0.9838291,  0.0120255, 124.5221218,  18.5008866, 3.842350, 4.247988,  1.0000000,   4.3174881, 250.9747465, -13.9193317, 4.7735291e-02, 6.1701283e-02, 7.9252610e-02, 1.3315740e-01
 193,    77,    96,  94.8434792, 125.5811759, -0.9193856,  0.1994765, 124.5190369,  18.5008866, 3.489410, 4.061792,  1.0000000,   4.3174881, 274.3785785, 36.3727463, 0.0000000e+00, 0.0000000e+00, 0.0000000e+00, 0.0000000e+00
 278,    77,   106, 100.3267629, 125.4830412, -0.8804149,  0.2259339, 124.5179645,  18.5008866, 3.292308, 3.924348,  1.0000000,   4.3174881, 275.8302521, 46.2667948, 0.0000000e+00, 0.0000000e+00, 0.0000000e+00, 0.0000000e+00
 228,     7,   106, 162.3790575, 125.5969825, -0.9502078,  0.1773096, 124.5192051,  18.5008866, 3.718098, 4.173324,  1.0000000,   4.3174881, 345.0884564, 36.1017231, 0.0000000e+00, 0.0000000e+00, 0.0000000e+00, 0.0000000e+00
 43,    77,    46,  81.5000415, 125.8890052, -0.9870726,  0.0188421, 124.5221218,  18.5008866, 3.870902, 4.262450,  1.0000000,   4.3174881, 267.1857397, -13.1834930, 0.0000000e+00, 0.0000000e+00, 0.0000000e+00, 0.0000000e+00
 356,   188,    16,  26.8083098,  93.5356677, -0.8285847, -0.0718899,  91.6877218,  18.5008866, 2.036147, 2.690189,  0.7491802,   4.3174881, 153.9261958, -26.8036748, 1.4448900e-01, 1.8679072e-01, 2.3997317e-01, 2.8550744e-01
 309,   117,   106,  71.7611471, 125.4206951, -0.7963486,  0.2500475, 124.5172556,  18.5008866, 2.707989, 3.603732,  1.0000000,   4.3174881, 236.2545277, 52.0752720, 0.0000000e+00, 0.0000000e+00, 0.0000000e+00, 0.0000000e+00
 357,   188,    26,  16.9171155,  94.9594445, -0.9181124, -0.0352387,  93.1397514,  18.5008866, 2.446432, 3.958280,  0.9978375,   4.3174881, 155.3782254, -16.9097695, 2.9843516e-01, 3.8575409e-01, 4.9549337e-01, 8.1062365e-01
 358,   188,    36,   7.0340925,  96.3841229, -0.9691322,  0.0191006,  94.5918408,  18.5008866, 3.142144, 4.185029,  1.0000000,   4.3174881, 156.8303148, -7.0164067, 3.2596256e-01, 4.2133110e-01, 5.4118341e-01, 9.0452064e-01
 359,   188,    46,   2.9213490,  97.8104484, -0.9763749,  0.0807623,  96.0447864,  18.5008866, 3.585608, 4.229884,  1.0000000,   4.3174881, 158.2832604,  2.8785041, 3.3140787e-01, 4.2836874e-01, 5.5022155e-01, 9.2309481e-01
 360,   187,    56,  12.7716966,  99.1457806, -0.9413968,  0.1386234,  97.4968484,  18.5008866, 2.698658, 4.108299,  1.0000000,   4.3174881, 159.7353224, 12.7715195, 3.1664751e-01, 4.0929212e-01, 5.2572226e-01, 8.7274664e-01
 307,   117,    66,  45.4388124, 125.8285924, -0.9755229,  0.1252981, 124.5215452,  18.5008866, 3.802261, 4.246408,  1.0000000,   4.3174881, 230.4453288, 12.5000303, 2.7296808e-01, 3.5283082e-01, 4.5319586e-01, 7.6134573e-01
 202,   117,    76,  50.3754940, 125.7197429, -0.9468832,  0.1659178, 124.5204727,  18.5008866, 3.538384, 4.150444,  1.0000000,   4.3174881, 231.8972801, 22.3943685, 2.1048189e-01, 2.7206408e-01, 3.4945645e-01, 5.8232365e-01
 308,   117,    86,  56.6529297, 125.6154700, -0.9059200,  0.2010156, 124.5194003,  18.5008866, 3.239781, 4.006430,  1.0000000,   4.3174881, 233.3497016, 32.2883298, 1.3537514e-01, 1.7498402e-01, 2.2476270e-01, 3.6951922e-01
 203,   117,    96,  63.8763923, 125.5157835, -0.8549282,  0.2293030, 124.5183279,  18.5008866, 2.956563, 3.821604,  1.0000000,   4.3174881, 234.8018294, 42.1820000, 5.7529806e-02, 7.4362978e-02, 9.5518723e-02, 1.5391201e-01
 213,   157,    96,  48.6284114, 125.4524023, -0.7295454,  0.2432228, 124.5176190,  18.5008866, 1.982671, 2.379849,  0.7167701,   4.3174881, 195.2267463, 47.9909622, 7.6092610e-02, 9.8379363e-02, 1.2640555e-01, 1.1184148e-01
 338,   157,    86,  38.6631583, 125.5490544, -0.8109051,  0.2278059, 124.5186914,  18.5008866, 2.174316, 3.028996,  0.8329190,   4.3174881, 193.7747248, 38.0971299, 1.8562007e-01, 2.3994941e-01, 3.0824262e-01, 4.2580709e-01
 212,   157,    76,  28.7012007, 125.6502983, -0.8824188,  0.1998915, 124.5197638,  18.5008866, 2.434557, 3.869798,  0.9906405,   4.3174881, 192.3216531, 28.2031755, 2.8769349e-01, 3.7187132e-01, 4.7766432e-01, 7.7398340e-01
 337,   157,    66,  18.7487718, 125.7561219, -0.9387969,  0.1604209, 124.5208362,  18.5008866, 2.804851, 4.111995,  1.0000000,   4.3174881, 190.8693703, 18.3092423, 3.1709625e-01, 4.0987209e-01, 5.2646709e-01, 8.7427732e-01
 211,   157,    56,   8.8368655, 125.8665210, -0.9749280,  0.1118332, 124.5219087,  18.5008866, 3.365523, 4.236843,  1.0000000,   4.3174881, 189.4173063,  8.4146743, 3.3225270e-01, 4.2946061e-01, 5.5162379e-01, 9.2597654e-01
 207,   137,    76,  35.7879001, 125.6847744, -0.9215007,  0.1833946, 124.5201183,  18.5008866, 3.145477, 4.056595,  1.0000000,   4.3174881, 212.1093890, 25.2984177, 3.1037058e-01, 4.0117969e-01, 5.1530381e-01, 8.5133582e-01
 322,   137,    66,  28.4280747, 125.7921133, -0.9616484,  0.1422642, 124.5211907,  18.5008866, 3.554001, 4.197093,  1.0000000,   4.3174881, 210.6574860, 15.4041368, 3.2742710e-01, 4.2322390e-01, 5.4361425e-01, 9.0951623e-01
 189,    57,    96, 112.4834994, 125.6146232, -0.9392854,  0.1843792, 124.5193914,  18.5008866, 3.629719, 4.132747,  1.0000000,   4.3174881, 294.1662215, 33.4682017, 0.0000000e+00, 0.0000000e+00, 0.0000000e+00, 0.0000000e+00
 227,     7,    96, 159.0447550, 125.7004234, -0.9695275,  0.1505702, 124.5202775,  18.5008866, 3.803335, 4.236103,  1.0000000,   4.3174881, 343.6359593, 26.2076245, 0.0000000e+00, 0.0000000e+00, 0.0000000e+00, 0.0000000e+00
 323,   137,    86,  44.1844921, 125.5820120, -0.8674118,  0.2165434, 124.5190458,  18.5008866, 2.792830, 3.859975,  1.0000000,   4.3174881, 213.5620520, 35.1926877, 2.4653896e-01, 3.1867534e-01, 4.0933501e-01, 6.6252554e-01
 225,     7,    76, 154.1057459, 125.8890052, -0.9924652,  0.0922204, 124.5221218,  18.5008866, 3.899222, 4.303416,  1.0000000,   4.3174881, 340.7317667,  6.4195763, 0.0000000e+00, 0.0000000e+00, 0.0000000e+00, 0.0000000e+00
 262,    57,    66, 103.1194881, 125.8890052, -0.9924448,  0.0850727, 124.5221218,  18.5008866, 3.920469, 4.300582,  1.0000000,   4.3174881, 289.8093175,  3.7869895, 0.0000000e+00, 0.0000000e+00, 0.0000000e+00, 0.0000000e+00
 324,   137,   106,  62.3835428, 125.3902647, -0.7313126,  0.2545498, 124.5169010,  18.5008866, 2.289523, 3.018077,  0.9027414,   4.3174881, 216.4668981, 54.9807790, 4.6789048e-02, 6.0483877e-02, 7.7698652e-02, 1.0695680e-01
 187,    57,    56, 101.7815109, 125.8890052, -0.9936984,  0.0488869, 124.5221218,  18.5008866, 3.921006, 4.295470,  1.0000000,   4.3174881, 288.3574659, -6.1076550, 0.0000000e+00, 0.0000000e+00, 0.0000000e+00, 0.0000000e+00
 223,     7,    56, 151.6576132, 125.8890052, -0.9922907,  0.0308650, 124.5221218,  18.5008866, 3.887431, 4.286275,  1.0000000,   4.3174881, 337.8270430, -13.3683088, 0.0000000e+00, 0.0000000e+00, 0.0000000e+00, 0.0000000e+00
 263,    57,    86, 108.5393225, 125.7188595, -0.9646128,  0.1537186, 124.5204638,  18.5008866, 3.766573, 4.217254,  1.0000000,   4.3174881, 292.7143495, 23.5741216, 0.0000000e+00, 0.0000000e+00, 0.0000000e+00, 0.0000000e+00
 224,     7,    66, 152.5595058, 125.8890052, -0.9953811,  0.0616294, 124.5221218,  18.5008866, 3.910907, 4.305776,  1.0000000,   4.3174881, 339.2797121, -3.4746879, 0.0000000e+00, 0.0000000e+00, 0.0000000e+00, 0.0000000e+00
 188,    57,    76, 105.3929076, 125.8276676, -0.9825736,  0.1203366, 124.5215362,  18.5008866, 3.866110, 4.273946,  1.0000000,   4.3174881, 291.2615375, 13.6800747, 0.0000000e+00, 0.0000000e+00, 0.0000000e+00, 0.0000000e+00
 86,   113,    60,  47.8492928, 125.8890052, -0.9871713,  0.0961778, 124.5221218,  18.5008866, 3.919431, 4.282281,  1.0000000,   4.3174881, 234.2294914,  6.0008565, 2.4939400e-01, 3.2235915e-01, 4.1405550e-01, 6.9759409e-01
 190,    78,    36,  82.1871028, 125.8890052, -0.9701061, -0.0184185, 124.5221218,  18.5008866, 3.725986, 4.189177,  1.0000000,   4.3174881, 265.6649616, -22.9907030, 0.0000000e+00, 0.0000000e+00, 0.0000000e+00, 0.0000000e+00
 274,    78,    26,  84.1450891, 125.8890052, -0.9426246, -0.0532737, 124.5221218,  18.5008866, 3.520052, 4.076265,  1.0000000,   4.3174881, 264.2124125, -32.8840935, 0.0000000e+00, 0.0000000e+00, 0.0000000e+00, 0.0000000e+00
 51,   159,    43,   4.2388877, 125.6134462, -0.9850446,  0.0427872, 124.2435312,  18.5008866, 3.543440, 4.256929,  1.0000000,   4.3174881, 186.4820052, -4.2094744, 3.3469114e-01, 4.3261210e-01, 5.5567112e-01, 9.3429415e-01
 204,   138,    16,  37.9136723, 125.8890052, -0.8795491, -0.0839589, 124.5221218,  18.5008866, 2.595988, 3.814705,  1.0000000,   4.3174881, 203.3964278, -34.0653364, 2.8100514e-01, 3.6322715e-01, 4.6656298e-01, 7.5116917e-01
 181,    38,    16, 125.3737722, 125.8890052, -0.9148970, -0.0827194, 124.5221218,  18.5008866, 3.425386, 3.966169,  1.0000000,   4.3174881, 302.3354725, -48.5878805, 0.0000000e+00, 0.0000000e+00, 0.0000000e+00, 0.0000000e+00
 245,    38,    26, 123.2596130, 125.8890052, -0.9453263, -0.0552531, 124.5221218,  18.5008866, 3.593881, 4.088401,  1.0000000,   4.3174881, 303.7882428, -38.6938434, 0.0000000e+00, 0.0000000e+00, 0.0000000e+00, 0.0000000e+00
 42,    54,    33, 105.6461207, 125.8890052, -0.9614665, -0.0340593, 124.5221218,  18.5008866, 3.680730, 4.153724,  1.0000000,   4.3174881, 288.1024339, -29.8443659, 0.0000000e+00, 0.0000000e+00, 0.0000000e+00, 0.0000000e+00
 246,    38,    46, 121.4136540, 125.8890052, -0.9848564,  0.0074098, 124.5221218,  18.5008866, 3.844415, 4.252226,  1.0000000,   4.3174881, 306.6921718, -18.9061887, 0.0000000e+00, 0.0000000e+00, 0.0000000e+00, 0.0000000e+00
 182,    38,    36, 121.9318464, 125.8890052, -0.9687798, -0.0249415, 124.5221218,  18.5008866, 3.737265, 4.184081,  1.0000000,   4.3174881, 305.2413595, -28.7999187, 0.0000000e+00, 0.0000000e+00, 0.0000000e+00, 0.0000000e+00
 183,    37,    56, 121.7192682, 125.8890052, -0.9933496,  0.0409476, 124.5221218,  18.5008866, 3.906628, 4.292417,  1.0000000,   4.3174881, 308.1447606, -9.0120080, 0.0000000e+00, 0.0000000e+00, 0.0000000e+00, 0.0000000e+00
 206,   137,    56,  23.1170094, 125.8890052, -0.9847529,  0.0953534, 124.5221218,  18.5008866, 3.904851, 4.271544,  1.0000000,   4.3174881, 209.2057367,  5.5102883, 3.3646549e-01, 4.3490532e-01, 5.5861620e-01, 9.4034654e-01
 290,    98,    46,  61.4217342, 125.8890052, -0.9881302,  0.0265502, 124.5221218,  18.5008866, 3.889928, 4.267780,  1.0000000,   4.3174881, 247.3288049, -10.1918093, 9.6079009e-02, 1.2418890e-01, 1.5951505e-01, 2.6843903e-01
 196,    97,    56,  62.0232275, 125.8890052, -0.9924669,  0.0686425, 124.5221218,  18.5008866, 3.949529, 4.295201,  1.0000000,   4.3174881, 248.7811020, -0.2984434, 9.0227230e-02, 1.1662493e-01, 1.4979925e-01, 2.5263571e-01
 291,    97,    66,  64.1957534, 125.8655767, -0.9840539,  0.1101266, 124.5218997,  18.5008866, 3.884186, 4.275164,  1.0000000,   4.3174881, 250.2334374,  9.5953002, 6.5182629e-02, 8.4253121e-02, 1.0821930e-01, 1.8222340e-01
 197,    97,    76,  67.7824928, 125.7552161, -0.9636811,  0.1492594, 124.5208272,  18.5008866, 3.728202, 4.210292,  1.0000000,   4.3174881, 251.6853080, 19.4898393, 2.4320838e-02, 3.1436475e-02, 4.0378870e-02, 6.7632628e-02
 292,    97,    86,  72.5725027, 125.6494334, -0.9325782,  0.1845483, 124.5197548,  18.5008866, 3.512524, 4.104476,  1.0000000,   4.3174881, 253.1381735, 29.3835404, 0.0000000e+00, 0.0000000e+00, 0.0000000e+00, 0.0000000e+00
 52,   125,    44,  34.1054869, 125.8890052, -0.9857939,  0.0260496, 124.5221218,  18.5008866, 3.866852, 4.257639,  1.0000000,   4.3174881, 219.6761507, -8.9163887, 3.3477741e-01, 4.3272360e-01, 5.5581431e-01, 9.3458842e-01
 326,   148,    26,  24.1565910, 125.8890052, -0.9327565, -0.0460059, 124.5221218,  18.5008866, 2.779117, 4.032061,  1.0000000,   4.3174881, 194.9543062, -22.7190560, 3.0739216e-01, 3.9733032e-01, 5.1036022e-01, 8.4117632e-01
 325,   148,    16,  33.3059053, 125.8890052, -0.8726809, -0.0831453, 124.5221218,  18.5008866, 2.342448, 3.538143,  0.9348169,   4.3174881, 193.5024522, -32.6126081, 2.4743059e-01, 3.1983467e-01, 4.1083586e-01, 6.3664511e-01
 50,   153,    24,  24.8986627, 125.8890052, -0.9155324, -0.0569693, 124.5221218,  18.5008866, 2.456966, 3.960445,  1.0000000,   4.3174881, 189.2073772, -24.7731341, 2.9869808e-01, 3.8609389e-01, 4.9592976e-01, 8.1152047e-01
 328,   148,    46,  11.4898844, 125.8890052, -0.9878816,  0.0516007, 124.5221218,  18.5008866, 3.953267, 4.270982,  1.0000000,   4.3174881, 197.8590703, -2.9313502, 3.3639717e-01, 4.3481701e-01, 5.5850279e-01, 9.4011348e-01
 327,   148,    36,  16.0550803, 125.8890052, -0.9718597,  0.0003089, 124.5221218,  18.5008866, 3.386883, 4.195993,  1.0000000,   4.3174881, 196.4061235, -12.8250108, 3.2729356e-01, 4.2305132e-01, 5.4339261e-01, 9.0906075e-01
 329,   147,    56,  14.3613666, 125.8851996, -0.9806119,  0.1033411, 124.5220858,  18.5008866, 3.788083, 4.257225,  1.0000000,   4.3174881, 199.3112654,  6.9628808, 3.3472716e-01, 4.3265866e-01, 5.5573091e-01, 9.3441703e-01
 68,   105,    31,  56.2588891, 125.8890052, -0.9548851, -0.0351094, 124.5221218,  18.5008866, 3.539281, 4.125491,  1.0000000,   4.3174881, 237.3542796, -24.5986437, 1.4599224e-01, 1.8870644e-01, 2.4238696e-01, 4.0301108e-01
 99,   116,    68,  47.3860861, 125.8164228, -0.9733463,  0.1297986, 124.5214275,  18.5008866, 3.782795, 4.239612,  1.0000000,   4.3174881, 232.1489382, 13.6138447, 2.5070458e-01, 3.2405375e-01, 4.1623312e-01, 6.9886300e-01
 259,    47,   106, 125.9042502, 125.5311235, -0.9184245,  0.2044912, 124.5184962,  18.5008866, 3.538659, 4.062387,  1.0000000,   4.3174881, 305.5119335, 41.9100389, 0.0000000e+00, 0.0000000e+00, 0.0000000e+00, 0.0000000e+00
 348,   167,    96,  49.3327399, 124.0242156, -0.6821853,  0.2387344, 123.0939887,  18.5008866, 1.749593, 1.795868,  0.5755112,   4.3174881, 185.3324627, 49.4431103, 2.4744467e-02, 3.2014733e-02, 4.1174260e-02, -5.8440897e-02
 349,   167,   106,  59.1971666, 125.3455790, -0.5881402,  0.2343446, 124.5163693,  18.5008866, 1.622990, 1.363389,  0.4987816,   4.3174881, 186.7846005, 59.3373559, -5.9720236e-03, -7.7003685e-03, -9.8583644e-03, -9.5036383e-02
 234,    17,   106, 153.0955261, 125.5803320, -0.9437457,  0.1838243, 124.5190279,  18.5008866, 3.684345, 4.151187,  1.0000000,   4.3174881, 335.1944159, 37.5535822, 0.0000000e+00, 0.0000000e+00, 0.0000000e+00, 0.0000000e+00
 233,    17,    86, 146.6089012, 125.7902747, -0.9810529,  0.1277696, 124.5211727,  18.5008866, 3.853909, 4.271456,  1.0000000,   4.3174881, 332.2898584, 17.7655348, 0.0000000e+00, 0.0000000e+00, 0.0000000e+00, 0.0000000e+00
 180,    17,    96, 149.5558575, 125.6830191, -0.9650823,  0.1568083, 124.5201004,  18.5008866, 3.781666, 4.221375,  1.0000000,   4.3174881, 333.7427623, 27.6592025, 0.0000000e+00, 0.0000000e+00, 0.0000000e+00, 0.0000000e+00
 331,   147,    76,  30.8587454, 125.6674804, -0.9041113,  0.1919586, 124.5199411,  18.5008866, 2.827852, 3.990502,  1.0000000,   4.3174881, 202.2158696, 26.7501779, 3.0234693e-01, 3.9080975e-01, 5.0198613e-01, 8.2396684e-01
 330,   147,    66,  21.9053994, 125.7740528, -0.9516643,  0.1512782, 124.5210134,  18.5008866, 3.270157, 4.160388,  1.0000000,   4.3174881, 200.7630581, 16.8569045, 3.2297105e-01, 4.1746481e-01, 5.3621810e-01, 8.9431649e-01
 333,   147,    96,  49.9362295, 125.4680597, -0.7693632,  0.2433149, 124.5177962,  18.5008866, 2.250663, 3.062985,  0.8791898,   4.3174881, 205.1200177, 46.5386597, 1.2690095e-01, 1.6404299e-01, 2.1073081e-01, 2.9418987e-01
 332,   147,    86,  40.2930866, 125.5654764, -0.8419139,  0.2230355, 124.5188687,  18.5008866, 2.497455, 3.760341,  1.0000000,   4.3174881, 203.6683450, 36.6443224, 2.7172456e-01, 3.5123224e-01, 4.5115759e-01, 7.2153849e-01
 334,   147,   106,  59.6870540, 125.3752464, -0.6905858,  0.2526434, 124.5167238,  18.5008866, 2.062370, 2.428998,  0.7650729,   4.3174881, 206.5723069, 56.4326468, 3.8769922e-02, 5.0124279e-02, 6.4401971e-02, 6.0966028e-02
 318,   127,    96,  57.8914197, 125.4997501, -0.8310875,  0.2355054, 124.5181507,  18.5008866, 2.749328, 3.729493,  1.0000000,   4.3174881, 224.9084775, 43.6342160, 1.0924380e-01, 1.4120925e-01, 1.8138366e-01, 2.8894429e-01
 317,   127,    86,  49.8091065, 125.5986796, -0.8884681,  0.2090424, 124.5192231,  18.5008866, 3.041332, 3.940697,  1.0000000,   4.3174881, 223.4561983, 33.7403923, 1.9941912e-01, 2.5776726e-01, 3.3109727e-01, 5.4067346e-01
 316,   127,    76,  42.5354728, 125.7021973, -0.9355231,  0.1746249, 124.5202955,  18.5008866, 3.376777, 4.108873,  1.0000000,   4.3174881, 222.0036405, 23.8462944, 2.8994957e-01, 3.7478290e-01, 4.8139629e-01, 7.9920331e-01
 315,   127,    66,  36.5574020, 125.8102847, -0.9694298,  0.1335755, 124.5213679,  18.5008866, 3.712585, 4.225047,  1.0000000,   4.3174881, 220.5512714, 13.9526014, 3.3082065e-01, 4.2760980e-01, 5.4924687e-01, 9.2109177e-01
 273,    67,   106, 108.6022817, 125.4989373, -0.8948766,  0.2188226, 124.5181417,  18.5008866, 3.388950, 3.977453,  1.0000000,   4.3174881, 285.7246502, 44.8151459, 0.0000000e+00, 0.0000000e+00, 0.0000000e+00, 0.0000000e+00
 272,    67,    96, 103.5560262, 125.5978364, -0.9300887,  0.1918507, 124.5192141,  18.5008866, 3.566966, 4.100186,  1.0000000,   4.3174881, 284.2719759, 34.9205095, 0.0000000e+00, 0.0000000e+00, 0.0000000e+00, 0.0000000e+00
 271,    67,    86,  99.2586828, 125.7013116, -0.9585136,  0.1610025, 124.5202865,  18.5008866, 3.725758, 4.196345,  1.0000000,   4.3174881, 282.8200165, 25.0268271, 0.0000000e+00, 0.0000000e+00, 0.0000000e+00, 0.0000000e+00
 270,    67,    76,  95.8097767, 125.8093612, -0.9791313,  0.1269927, 124.5213589,  18.5008866, 3.847547, 4.262796,  1.0000000,   4.3174881, 281.3679455, 15.1331044, 0.0000000e+00, 0.0000000e+00, 0.0000000e+00, 0.0000000e+00
 303,   107,    96,  70.7745369, 125.5319414, -0.8751219,  0.2222998, 124.5185051,  18.5008866, 3.131287, 3.898325,  1.0000000,   4.3174881, 244.6961592, 40.7298900, 0.0000000e+00, 0.0000000e+00, 0.0000000e+00, 0.0000000e+00
 304,   107,   106,  77.9661285, 125.4360870, -0.8222023,  0.2452092, 124.5174327,  18.5008866, 2.887117, 3.704355,  1.0000000,   4.3174881, 246.1483649, 50.6237918, 0.0000000e+00, 0.0000000e+00, 0.0000000e+00, 0.0000000e+00
 301,   107,    76,  58.8739371, 125.7374167, -0.9561290,  0.1574314, 124.5206499,  18.5008866, 3.650358, 4.183660,  1.0000000,   4.3174881, 241.7917034, 20.9421427, 1.2082768e-01, 1.5617886e-01, 2.0060569e-01, 3.3524815e-01
 302,   107,    86,  64.3293424, 125.6323895, -0.9204459,  0.1927799, 124.5195776,  18.5008866, 3.394050, 4.060241,  1.0000000,   4.3174881, 243.2447696, 30.8359078, 5.8750509e-02, 7.5939887e-02, 9.7542584e-02, 1.6120652e-01
 354,   177,   106,  60.6448928, 115.5384689, -0.5245214,  0.2141831, 114.6524392,  18.5008866, 1.549175, 1.110659,  0.4540453,   4.3174881, 176.8909132, 60.7894670, -1.4739274e-02, -1.9033766e-02, -2.4417505e-02, -1.1493560e-01
 218,   177,    96,  50.7805586, 114.1956813, -0.6259279,  0.2278957, 113.1997420,  18.5008866, 1.665926, 1.509327,  0.5248034,   4.3174881, 175.4382160, 50.8953067, 7.2540998e-04, 9.6956804e-04, 1.3001344e-03, -1.3036397e-01
 353,   177,    86,  40.9165873, 112.8620046, -0.7268590,  0.2273790, 111.7482269,  18.5008866, 1.821997, 2.036669,  0.6193924,   4.3174881, 173.9867009, 41.0015103, 6.3161061e-02, 8.1679201e-02, 1.0498029e-01, 1.4429917e-02
 186,    58,    36, 102.0336704, 125.8890052, -0.9694302, -0.0219345, 124.5221218,  18.5008866, 3.733624, 4.186575,  1.0000000,   4.3174881, 285.4522647, -25.8954802, 0.0000000e+00, 0.0000000e+00, 0.0000000e+00, 0.0000000e+00
 235,    28,    16, 135.0808107, 125.8890052, -0.9167589, -0.0823471, 124.5221218,  18.5008866, 3.448647, 3.974031,  1.0000000,   4.3174881, 312.2300246, -50.0399777, 0.0000000e+00, 0.0000000e+00, 0.0000000e+00, 0.0000000e+00
 260,    58,    26, 103.6184781, 125.8890052, -0.9441185, -0.0543727, 124.5221218,  18.5008866, 3.564410, 4.082975,  1.0000000,   4.3174881, 284.0007434, -35.7895822, 0.0000000e+00, 0.0000000e+00, 0.0000000e+00, 0.0000000e+00
 261,    58,    46, 101.4160078, 125.8890052, -0.9860376,  0.0128501, 124.5221218,  18.5008866, 3.856870, 4.257567,  1.0000000,   4.3174881, 286.9050324, -16.0015611, 0.0000000e+00, 0.0000000e+00, 0.0000000e+00, 0.0000000e+00
 84,   107,    42,  52.1537743, 125.8890052, -0.9831966,  0.0131163, 124.5221218,  18.5008866, 3.833480, 4.245317,  1.0000000,   4.3174881, 237.3183518, -12.7937868, 1.9826057e-01, 2.5626602e-01, 3.2916258e-01, 5.5292715e-01
 280,    88,    36,  72.2947838, 125.8890052, -0.9704435, -0.0164330, 124.5221218,  18.5008866, 3.719390, 4.190479,  1.0000000,   4.3174881, 255.7704249, -21.5390520, 0.0000000e+00, 0.0000000e+00, 0.0000000e+00, 0.0000000e+00
 284,    87,    76,  76.9601321, 125.7731431, -0.9698697,  0.1414499, 124.5210045,  18.5008866, 3.782635, 4.231701,  1.0000000,   4.3174881, 261.5797484, 18.0372990, 0.0000000e+00, 0.0000000e+00, 0.0000000e+00, 0.0000000e+00
 285,    87,    86,  81.2119881, 125.6666012, -0.9427485,  0.1764566, 124.5199321,  18.5008866, 3.603189, 4.140990,  1.0000000,   4.3174881, 263.0326392, 27.9313066, 0.0000000e+00, 0.0000000e+00, 0.0000000e+00, 0.0000000e+00
 282,    87,    56,  71.9375903, 125.8890052, -0.9931362,  0.0631392, 124.5221218,  18.5008866, 3.943256, 4.296510,  1.0000000,   4.3174881, 258.6751480, -1.7508810, 0.0000000e+00, 0.0000000e+00, 0.0000000e+00, 0.0000000e+00
 283,    87,    66,  73.8186495, 125.8842475, -0.9869941,  0.1032342, 124.5220768,  18.5008866, 3.901253, 4.284581,  1.0000000,   4.3174881, 260.1269834,  8.1436302, 0.0000000e+00, 0.0000000e+00, 0.0000000e+00, 0.0000000e+00
 299,   107,    56,  52.1419625, 125.8890052, -0.9914299,  0.0745819, 124.5221218,  18.5008866, 3.953648, 4.292581,  1.0000000,   4.3174881, 238.8874006,  1.1541142, 2.0180737e-01, 2.6084999e-01, 3.3504962e-01, 5.6494378e-01
 286,    87,    96,  86.4088686, 125.5646352, -0.9068928,  0.2071811, 124.5188596,  18.5008866, 3.393617, 4.016375,  1.0000000,   4.3174881, 264.4838238, 37.8254937, 0.0000000e+00, 0.0000000e+00, 0.0000000e+00, 0.0000000e+00
 295,   108,    16,  60.1813663, 125.8890052, -0.8949545, -0.0846395, 124.5221218,  18.5008866, 3.063328, 3.881197,  1.0000000,   4.3174881, 233.0778745, -38.4221036, 9.4611483e-02, 1.2229430e-01, 1.5708545e-01, 2.5486023e-01
 294,   108,     6,  65.9356428, 125.8890052, -0.8389072, -0.1109662, 124.5221218,  18.5008866, 2.752195, 3.653520,  1.0000000,   4.3174881, 231.6254705, -48.3156654, 3.5419164e-02, 4.5783272e-02, 5.8809132e-02, 9.2724628e-02
 252,    48,    36, 111.9780211, 125.8890052, -0.9691011, -0.0234942, 124.5221218,  18.5008866, 3.735788, 4.185312,  1.0000000,   4.3174881, 295.3466713, -27.3476310, 0.0000000e+00, 0.0000000e+00, 0.0000000e+00, 0.0000000e+00
 251,    48,    26, 113.4228797, 125.8890052, -0.9447539, -0.0548350, 124.5221218,  18.5008866, 3.580533, 4.085829,  1.0000000,   4.3174881, 293.8940563, -37.2414122, 0.0000000e+00, 0.0000000e+00, 0.0000000e+00, 0.0000000e+00
 250,    48,    16, 115.7180220, 125.8890052, -0.9128577, -0.0830852, 124.5221218,  18.5008866, 3.398208, 3.957543,  1.0000000,   4.3174881, 292.4423650, -47.1357166, 0.0000000e+00, 0.0000000e+00, 0.0000000e+00, 0.0000000e+00
 253,    48,    46, 111.4152401, 125.8890052, -0.9854495,  0.0100335, 124.5221218,  18.5008866, 3.850377, 4.254887,  1.0000000,   4.3174881, 296.7991411, -17.4535318, 0.0000000e+00, 0.0000000e+00, 0.0000000e+00, 0.0000000e+00
 214,   178,    16,  28.2615584, 103.2529117, -0.8430835, -0.0766367, 101.5818929,  18.5008866, 2.072807, 2.819469,  0.7713983,   4.3174881, 163.8203669, -28.2571617, 1.6018352e-01, 2.0707466e-01, 2.6602297e-01, 3.3904205e-01
 90,    99,    11,  70.0035023, 125.8890052, -0.8717897, -0.0991702, 124.5221218,  18.5008866, 2.984054, 3.788217,  1.0000000,   4.3174881, 240.5468947, -44.8026326, 0.0000000e+00, 0.0000000e+00, 0.0000000e+00, 0.0000000e+00
 350,   178,    26,  18.3691684, 104.6818671, -0.9230984, -0.0388927, 103.0340259,  18.5008866, 2.456964, 3.989002,  1.0000000,   4.3174881, 165.2724999, -18.3624032, 3.0216486e-01, 3.9057443e-01, 5.0168393e-01, 8.2334578e-01
 208,   137,    96,  53.1282668, 125.4838364, -0.8028574,  0.2404119, 124.5179734,  18.5008866, 2.511296, 3.618400,  1.0000000,   4.3174881, 215.0147114, 45.0870341, 1.4463224e-01, 1.8695398e-01, 2.4014529e-01, 3.7673427e-01
 339,   157,   106,  58.5955479, 125.3603507, -0.6431872,  0.2464507, 124.5165466,  18.5008866, 1.836515, 1.868134,  0.6281912,   4.3174881, 196.6788452, 57.8848941, 1.6989390e-02, 2.1976465e-02, 2.8256051e-02, -2.0872318e-02
 321,   138,    46,  21.4514120, 125.8890052, -0.9885130,  0.0456653, 124.5221218,  18.5008866, 3.939622, 4.272445,  1.0000000,   4.3174881, 207.7533108, -4.3841187, 3.3657480e-01, 4.3504659e-01, 5.5879763e-01, 9.4071940e-01
 205,   138,    36,  24.2054236, 125.8890052, -0.9718000, -0.0032271, 124.5221218,  18.5008866, 3.554433, 4.195758,  1.0000000,   4.3174881, 206.3003774, -14.2776389, 3.2726503e-01, 4.2301444e-01, 5.4334524e-01, 9.0896340e-01
 320,   138,    26,  30.1934761, 125.8890052, -0.9349016, -0.0475884, 124.5221218,  18.5008866, 3.038494, 4.041652,  1.0000000,   4.3174881, 204.8479996, -24.1711259, 3.0855658e-01, 3.9883523e-01, 5.1229292e-01, 8.4514818e-01
 298,   108,    46,  51.4242389, 125.8890052, -0.9884892,  0.0307245, 124.5221218,  18.5008866, 3.900506, 4.269852,  1.0000000,   4.3174881, 237.4341738, -8.7402716, 2.0820951e-01, 2.6912546e-01, 3.4567950e-01, 5.8182105e-01
 264,    57,   106, 117.1456261, 125.5149713, -0.9074587,  0.2116406, 124.5183190,  18.5008866, 3.470322, 4.023086,  1.0000000,   4.3174881, 295.6180188, 43.3622136, 0.0000000e+00, 0.0000000e+00, 0.0000000e+00, 0.0000000e+00
 242,    27,    86, 136.9884624, 125.7722311, -0.9778862,  0.1337886, 124.5209955,  18.5008866, 3.840115, 4.261343,  1.0000000,   4.3174881, 322.3958004, 19.2179138, 0.0000000e+00, 0.0000000e+00, 0.0000000e+00, 0.0000000e+00
 241,    27,    76, 134.5074836, 125.8833022, -0.9896413,  0.1025133, 124.5220679,  18.5008866, 3.892025, 4.295627,  1.0000000,   4.3174881, 320.9436133,  9.3238374, 0.0000000e+00, 0.0000000e+00, 0.0000000e+00, 0.0000000e+00
 244,    27,   106, 143.9081076, 125.5638047, -0.9363907,  0.1905422, 124.5188507,  18.5008866, 3.644059, 4.125707,  1.0000000,   4.3174881, 325.3005110, 39.0056491, 0.0000000e+00, 0.0000000e+00, 0.0000000e+00, 0.0000000e+00
 243,    27,    96, 140.1363302, 125.6657278, -0.9599569,  0.1633165, 124.5199231,  18.5008866, 3.754796, 4.204155,  1.0000000,   4.3174881, 323.8478119, 29.1118839, 0.0000000e+00, 0.0000000e+00, 0.0000000e+00, 0.0000000e+00
 134,    72,    30,  88.9959076, 125.8890052, -0.9548182, -0.0405631, 124.5221218,  18.5008866, 3.616704, 4.126134,  1.0000000,   4.3174881, 270.6044629, -29.8367061, 0.0000000e+00, 0.0000000e+00, 0.0000000e+00, 0.0000000e+00
 135,    67,    33,  93.4511208, 125.8890052, -0.9631287, -0.0303600, 124.5221218,  18.5008866, 3.682306, 4.160362,  1.0000000,   4.3174881, 276.0942357, -27.4292592, 0.0000000e+00, 0.0000000e+00, 0.0000000e+00, 0.0000000e+00
 138,    57,    39, 101.9570486, 125.8890052, -0.9752999, -0.0117995, 124.5221218,  18.5008866, 3.775876, 4.211154,  1.0000000,   4.3174881, 286.0939873, -22.9753914, 0.0000000e+00, 0.0000000e+00, 0.0000000e+00, 0.0000000e+00
 139,    54,    41, 104.9053638, 125.8890052, -0.9776497, -0.0075702, 124.5221218,  18.5008866, 3.793581, 4.221117,  1.0000000,   4.3174881, 289.3275993, -22.0203690, 0.0000000e+00, 0.0000000e+00, 0.0000000e+00, 0.0000000e+00
 136,    63,    35,  96.2780679, 125.8890052, -0.9679801, -0.0235664, 124.5221218,  18.5008866, 3.719900, 4.180481,  1.0000000,   4.3174881, 279.5188392, -25.7900397, 0.0000000e+00, 0.0000000e+00, 0.0000000e+00, 0.0000000e+00
 137,    60,    38,  98.9635611, 125.8890052, -0.9721888, -0.0170271, 124.5221218,  18.5008866, 3.752110, 4.198057,  1.0000000,   4.3174881, 282.7205476, -24.1914363, 0.0000000e+00, 0.0000000e+00, 0.0000000e+00, 0.0000000e+00
 226,     7,    86, 156.2771235, 125.8084415, -0.9837455,  0.1220465, 124.5213500,  18.5008866, 3.864174, 4.279871,  1.0000000,   4.3174881, 342.1841172, 16.3132902, 0.0000000e+00, 0.0000000e+00, 0.0000000e+00, 0.0000000e+00
 198,    97,    96,  78.3439780, 125.5482291, -0.8922782,  0.2148435, 124.5186824,  18.5008866, 3.275679, 3.962499,  1.0000000,   4.3174881, 254.5901605, 39.2773454, 0.0000000e+00, 0.0000000e+00, 0.0000000e+00, 0.0000000e+00
 293,    97,   106,  84.8976247, 125.4516156, -0.8444938,  0.2393534, 124.5176100,  18.5008866, 3.043523, 3.789711,  1.0000000,   4.3174881, 256.0421348, 49.1711488, 0.0000000e+00, 0.0000000e+00, 0.0000000e+00, 0.0000000e+00
 177,    18,    36, 141.8571894, 125.8890052, -0.9681658, -0.0275415, 124.5221218,  18.5008866, 3.738867, 4.181735,  1.0000000,   4.3174881, 325.0286822, -31.7041004, 0.0000000e+00, 0.0000000e+00, 0.0000000e+00, 0.0000000e+00
 89,   116,    72,  49.2908972, 125.7747676, -0.9636734,  0.1454650, 124.5210205,  18.5008866, 3.691774, 4.207782,  1.0000000,   4.3174881, 232.8926942, 17.3721549, 2.2691984e-01, 2.9331065e-01, 3.7674562e-01, 6.3089776e-01
 362,   187,    76,  32.5004153, 101.7434329, -0.7775377,  0.2106881, 100.4012569,  18.5008866, 1.924355, 2.370051,  0.6814271,   4.3174881, 162.6397308, 32.5598908, 1.0562415e-01, 1.3656095e-01, 1.7546521e-01, 1.5293799e-01
 361,   187,    66,  22.6365134, 100.4395667, -0.8715712,  0.1836896,  98.9490528,  18.5008866, 2.220780, 3.311420,  0.8610789,   4.3174881, 161.1875268, 22.6661640, 2.1990634e-01, 2.8426174e-01, 3.6515105e-01, 5.4275886e-01
 364,   187,    96,  52.2290568, 104.3802081, -0.5593731,  0.2080123, 103.3060304,  18.5008866, 1.581847, 1.220945,  0.4738469,   4.3174881, 165.5445044, 52.3481846, -2.0067671e-02, -2.5906276e-02, -3.3219511e-02, -1.9127842e-01
 363,   187,    86,  42.3652555, 103.0567018, -0.6703190,  0.2182624, 101.8531862,  18.5008866, 1.724473, 1.705316,  0.5602866,   4.3174881, 164.0916602, 42.4545587, 2.2960158e-02, 2.9720266e-02, 3.8247497e-02, -1.1268417e-01
 365,   187,   106,  62.0934428, 105.7122504, -0.4515837,  0.1831933, 104.7584416,  18.5008866, 1.475725, 0.861664,  0.4095305,   4.3174881, 166.9969156, 62.2423969, -2.0423697e-02, -2.6382853e-02, -3.3859767e-02, -1.2431349e-01
 268,    67,    56,  91.8223998, 125.8890052, -0.9936945,  0.0532964, 124.5221218,  18.5008866, 3.928521, 4.296431,  1.0000000,   4.3174881, 278.4635614, -4.6551809, 0.0000000e+00, 0.0000000e+00, 0.0000000e+00, 0.0000000e+00
 342,   168,    36,   9.9330469, 115.8670997, -0.9713652,  0.0086539, 114.3805140,  18.5008866, 3.027346, 4.194024,  1.0000000,   4.3174881, 176.6189880, -9.9205305, 3.2705455e-01, 4.2274241e-01, 5.4299589e-01, 9.0824545e-01
 267,    68,    46,  91.4167835, 125.8890052, -0.9866140,  0.0158858, 124.5221218,  18.5008866, 3.863980, 4.260246,  1.0000000,   4.3174881, 277.0108457, -14.5489588, 0.0000000e+00, 0.0000000e+00, 0.0000000e+00, 0.0000000e+00
 266,    68,    36,  92.1027179, 125.8890052, -0.9697662, -0.0202477, 124.5221218,  18.5008866, 3.730499, 4.187867,  1.0000000,   4.3174881, 275.5591858, -24.4432519, 0.0000000e+00, 0.0000000e+00, 0.0000000e+00, 0.0000000e+00
 265,    68,    26,  93.8543081, 125.8890052, -0.9434139, -0.0538542, 124.5221218,  18.5008866, 3.544669, 4.079810,  1.0000000,   4.3174881, 274.1068554, -34.3367671, 0.0000000e+00, 0.0000000e+00, 0.0000000e+00, 0.0000000e+00
 341,   168,    26,  19.8206664, 114.4328837, -0.9270231, -0.0417769, 112.9274195,  18.5008866, 2.466152, 4.006474,  1.0000000,   4.3174881, 175.1658935, -19.8143969, 3.0428589e-01, 3.9331570e-01, 5.0520443e-01, 8.3058071e-01
 340,   168,    16,  29.7128899, 113.0010527, -0.8548598, -0.0797689, 111.4762536,  18.5008866, 2.105118, 2.932071,  0.7909808,   4.3174881, 173.7147275, -29.7087081, 1.7385347e-01, 2.2474201e-01, 2.8871239e-01, 3.8567078e-01
 269,    67,    66,  93.3039256, 125.8890052, -0.9910752,  0.0907298, 124.5221218,  18.5008866, 3.917893, 4.296849,  1.0000000,   4.3174881, 279.9160101,  5.2385896, 0.0000000e+00, 0.0000000e+00, 0.0000000e+00, 0.0000000e+00
 200,   118,    36,  42.9207010, 125.8890052, -0.9713849, -0.0092818, 124.5221218,  18.5008866, 3.671020, 4.194134,  1.0000000,   4.3174881, 226.0889696, -17.1818827, 2.9522566e-01, 3.8160119e-01, 4.9015162e-01, 8.1986281e-01
 289,    98,    26,  64.9938825, 125.8890052, -0.9407248, -0.0518803, 124.5221218,  18.5008866, 3.447871, 4.067740,  1.0000000,   4.3174881, 244.4247635, -29.9799939, 5.2017505e-02, 6.7236898e-02, 8.6363805e-02, 1.4283306e-01
 306,   118,    46,  41.4299526, 125.8890052, -0.9887166,  0.0352764, 124.5221218,  18.5008866, 3.912298, 4.271488,  1.0000000,   4.3174881, 227.5414842, -7.2877717, 3.2042136e-01, 4.1416715e-01, 5.3197896e-01, 8.9550275e-01
 194,    98,    16,  68.9200679, 125.8890052, -0.8988543, -0.0845343, 124.5221218,  18.5008866, 3.153438, 3.897917,  1.0000000,   4.3174881, 242.9723607, -39.8743620, 1.0479199e-02, 1.3545345e-02, 1.7398799e-02, 2.8280815e-02
 199,   118,    16,  51.9005603, 125.8890052, -0.8905200, -0.0846156, 124.5221218,  18.5008866, 2.947072, 3.862127,  1.0000000,   4.3174881, 223.1840922, -36.9695629, 1.7300785e-01, 2.2362928e-01, 2.8724933e-01, 4.6503905e-01
 288,    98,     6,  73.9979908, 125.8890052, -0.8465651, -0.1107130, 124.5221218,  18.5008866, 2.864412, 3.686159,  1.0000000,   4.3174881, 241.5197919, -49.7683091, 0.0000000e+00, 0.0000000e+00, 0.0000000e+00, 0.0000000e+00
 305,   118,    26,  46.5608502, 125.8890052, -0.9382476, -0.0500565, 124.5221218,  18.5008866, 3.316731, 4.056634,  1.0000000,   4.3174881, 224.6364225, -27.0755613, 2.4249781e-01, 3.1344850e-01, 4.0261561e-01, 6.6516562e-01
 222,     8,    46, 151.4122523, 125.8890052, -0.9831079,  0.0005399, 124.5221218,  18.5008866, 3.829183, 4.244557,  1.0000000,   4.3174881, 336.3743118, -23.2627955, 0.0000000e+00, 0.0000000e+00, 0.0000000e+00, 0.0000000e+00
 221,     8,    36, 151.8274282, 125.8890052, -0.9678729, -0.0287152, 124.5221218,  18.5008866, 3.739212, 4.180618,  1.0000000,   4.3174881, 334.9224900, -33.1567875, 0.0000000e+00, 0.0000000e+00, 0.0000000e+00, 0.0000000e+00
 220,     8,    26, 152.8971369, 125.8890052, -0.9467496, -0.0562902, 124.5221218,  18.5008866, 3.622707, 4.094799,  1.0000000,   4.3174881, 333.4707615, -43.0512863, 0.0000000e+00, 0.0000000e+00, 0.0000000e+00, 0.0000000e+00
 201,   117,    56,  42.3161724, 125.8890052, -0.9899109,  0.0809909, 124.5221218,  18.5008866, 3.953085, 4.288209,  1.0000000,   4.3174881, 228.9935005,  2.6060913, 3.1235536e-01, 4.0374100e-01, 5.1858657e-01, 8.7411459e-01
 87,   103,    21,  62.4481088, 125.8890052, -0.9164912, -0.0714415, 124.5221218,  18.5008866, 3.241344, 3.968943,  1.0000000,   4.3174881, 238.4937397, -34.9742709, 7.5450877e-02, 9.7526941e-02, 1.2527130e-01, 2.0516965e-01
 195,    98,    36,  62.4367818, 125.8890052, -0.9707765, -0.0142637, 124.5221218,  18.5008866, 3.709632, 4.191768,  1.0000000,   4.3174881, 245.8760206, -20.0865570, 8.2383787e-02, 1.0648720e-01, 1.3677862e-01, 2.2873978e-01
 49,   128,    28,  36.8697598, 125.8890052, -0.9423326, -0.0435099, 124.5221218,  18.5008866, 3.259342, 4.072844,  1.0000000,   4.3174881, 214.5393136, -24.2378534, 3.1234328e-01, 4.0372925e-01, 5.1857810e-01, 8.5806478e-01
 287,    87,   106,  92.3936592, 125.4672640, -0.8637462,  0.2328417, 124.5177872,  18.5008866, 3.177947, 3.862337,  1.0000000,   4.3174881, 265.9363476, 47.7191407, 0.0000000e+00, 0.0000000e+00, 0.0000000e+00, 0.0000000e+00
 277,    77,    86,  90.1320311, 125.6838890, -0.9512993,  0.1685925, 124.5201092,  18.5008866, 3.672567, 4.171225,  1.0000000,   4.3174881, 272.9257519, 26.4795178, 0.0000000e+00, 0.0000000e+00, 0.0000000e+00, 0.0000000e+00
 275,    78,    46,  81.4184507, 125.8890052, -0.9871655,  0.0191592, 124.5221218,  18.5008866, 3.871780, 4.262878,  1.0000000,   4.3174881, 267.1171565, -13.0972811, 0.0000000e+00, 0.0000000e+00, 0.0000000e+00, 0.0000000e+00
 191,    77,    56,  81.8723529, 125.8890052, -0.9935236,  0.0580356, 124.5221218,  18.5008866, 3.936046, 4.296839,  1.0000000,   4.3174881, 268.5687494, -3.2030753, 0.0000000e+00, 0.0000000e+00, 0.0000000e+00, 0.0000000e+00
 276,    77,    66,  83.5307432, 125.8890052, -0.9892923,  0.0967739, 124.5221218,  18.5008866, 3.911895, 4.291645,  1.0000000,   4.3174881, 270.0214640,  6.6906193, 0.0000000e+00, 0.0000000e+00, 0.0000000e+00, 0.0000000e+00
 192,    77,    76,  86.3196939, 125.7911863, -0.9749506,  0.1340283, 124.5211817,  18.5008866, 3.820806, 4.248926,  1.0000000,   4.3174881, 271.4731254, 16.5855028, 0.0000000e+00, 0.0000000e+00, 0.0000000e+00, 0.0000000e+00
 47,    97,     2,  76.5442113, 125.8890052, -0.8232850, -0.1191271, 124.5221218,  18.5008866, 2.758220, 3.591541,  1.0000000,   4.3174881, 241.2228477, -53.7831843, 0.0000000e+00, 0.0000000e+00, 0.0000000e+00, 0.0000000e+00
 355,   188,     6,  36.7007282,  92.1124906, -0.7113780, -0.0839438,  90.2354039,  18.5008866, 1.769196, 1.816612,  0.5873917,   4.3174881, 152.4738779, -36.6973426, 3.8436681e-02, 4.9726402e-02, 6.3947291e-02, -7.6241026e-02
 249,    37,   106, 134.8367387, 125.5473977, -0.9280036,  0.1974430, 124.5186734,  18.5008866, 3.595987, 4.096326,  1.0000000,   4.3174881, 315.4069726, 40.4582294, 0.0000000e+00, 0.0000000e+00, 0.0000000e+00, 0.0000000e+00
 185,    37,    96, 130.8039836, 125.6485612, -0.9540416,  0.1700893, 124.5197458,  18.5008866, 3.721555, 4.184013,  1.0000000,   4.3174881, 313.9538154, 30.5646201, 0.0000000e+00, 0.0000000e+00, 0.0000000e+00, 0.0000000e+00
 248,    37,    86, 127.4259414, 125.7543185, -0.9741624,  0.1401133, 124.5208183,  18.5008866, 3.821853, 4.249216,  1.0000000,   4.3174881, 312.5014029, 20.6697246, 0.0000000e+00, 0.0000000e+00, 0.0000000e+00, 0.0000000e+00
 184,    37,    76, 124.7556257, 125.8646299, -0.9877326,  0.1081177, 124.5218906,  18.5008866, 3.886994, 4.289996,  1.0000000,   4.3174881, 311.0490466, 10.7761720, 0.0000000e+00, 0.0000000e+00, 0.0000000e+00, 0.0000000e+00
 247,    37,    66, 122.8414308, 125.8890052, -0.9942478,  0.0747988, 124.5221218,  18.5008866, 3.919532, 4.304784,  1.0000000,   4.3174881, 309.5978485,  0.8820275, 0.0000000e+00, 0.0000000e+00, 0.0000000e+00, 0.0000000e+00
 314,   127,    56,  32.5962351, 125.8890052, -0.9877550,  0.0879082, 124.5221218,  18.5008866, 3.942024, 4.281476,  1.0000000,   4.3174881, 219.0993365,  4.0585586, 3.3767123e-01, 4.3646365e-01, 5.6061749e-01, 9.4445937e-01
 91,    99,     8,  71.3779935, 125.8890052, -0.8576037, -0.1057148, 124.5221218,  18.5008866, 2.908301, 3.730719,  1.0000000,   4.3174881, 240.1471408, -47.3755873, 0.0000000e+00, 0.0000000e+00, 0.0000000e+00, 0.0000000e+00
 44,   105,    36,  54.8388513, 125.8890052, -0.9708630, -0.0127118, 124.5221218,  18.5008866, 3.696978, 4.192049,  1.0000000,   4.3174881, 238.1909894, -19.0253971, 1.6516289e-01, 2.1348538e-01, 2.7421356e-01, 4.5858808e-01
 311,   128,    26,  37.9449466, 125.8890052, -0.9367051, -0.0489242, 124.5221218,  18.5008866, 3.206046, 4.049726,  1.0000000,   4.3174881, 214.7423299, -25.6240714, 3.0953668e-01, 4.0010193e-01, 5.1391969e-01, 8.4849133e-01
 310,   128,    16,  44.3348793, 125.8890052, -0.8854310, -0.0844146, 124.5221218,  18.5008866, 2.795026, 3.840172,  1.0000000,   4.3174881, 213.2902134, -35.5177760, 2.4304600e-01, 3.1416071e-01, 4.0353663e-01, 6.5165035e-01
 313,   128,    46,  31.4367982, 125.8890052, -0.9887520,  0.0402415, 124.5221218,  18.5008866, 3.925385, 4.272459,  1.0000000,   4.3174881, 217.6469697, -5.8357259, 3.3657652e-01, 4.3504882e-01, 5.5880049e-01, 9.4072528e-01
 312,   128,    36,  33.3770289, 125.8890052, -0.9716283, -0.0064086, 124.5221218,  18.5008866, 3.630602, 4.195085,  1.0000000,   4.3174881, 216.1943789, -15.7299071, 3.2718333e-01, 4.2290885e-01, 5.4320964e-01, 9.0868473e-01
 41,    24,     8, 140.4850194, 125.8890052, -0.8894140, -0.1016243, 124.5221218,  18.5008866, 3.319678, 3.865020,  1.0000000,   4.3174881, 314.4073845, -58.6693234, 0.0000000e+00, 0.0000000e+00, 0.0000000e+00, 0.0000000e+00