 ID     X      Y      Rrup         D           Rfn         Rfp          s            h          ctildepr    IDP          C          S            U            T         fD 2.00s        fD 3.00s        fD 5.00s        fD 10.00s    
 217,   177,    76,  31.0521991,  36.7263509, -0.2675256, -0.1971784,  32.5863540,  18.8563054, 1.272313, 0.331430,  0.2862503,   3.4838936, 172.5339031, 31.1072956, -1.4186435e-01, -1.8329858e-01, -2.3531678e-01, -6.9125469e-01
 216,   177,    56,  11.3248948,  34.9616322, -0.7066572, -0.0113661,  29.6814981,  18.8563054, 1.912892, 1.616221,  0.6744799,   3.3905239, 169.6290472, 11.3203431, 1.4109238e-02, 1.8285086e-02, 2.3568545e-02, -1.5922286e-01
 352,   177,    66,  21.1882978,  35.8171131, -0.4800452, -0.0900948,  31.1338201,  18.8563054, 1.471251, 0.683192,  0.4068185,   3.4382947, 171.0813692, 21.2135694, -9.9160447e-02, -1.2810712e-01, -1.6443674e-01, -5.4559004e-01
 215,   178,    36,   8.4825313,  32.7504037, -0.7156927,  0.0851654,  26.7773913,  18.8563054, 2.190332, 1.996586,  0.8426257,   3.2875579, 166.7249404, -8.4678712, 6.0285536e-02, 7.7964337e-02, 1.0021207e-01, -1.7137541e-03
 351,   178,    46,   1.5103902,  33.9481132, -0.8231446,  0.0283069,  28.2296676,  18.8563054, 3.481817, 2.751236,  1.0000000,   3.3403735, 168.1772167,  1.4257576, 1.5190003e-01, 1.9636891e-01, 2.5227403e-01, 3.1078677e-01
 257,    47,    86, 117.9367205,  50.0812515, -0.9441523,  0.1662191,  46.8115659,  18.8563054, 3.243659, 3.687178,  1.0000000,   3.8461303, 302.6076666, 22.1222821, 0.0000000e+00, 0.0000000e+00, 0.0000000e+00, 0.0000000e+00
 256,    47,    76, 115.0481218,  50.3594384, -0.9743938,  0.1248289,  46.8126383,  18.8563054, 3.295511, 3.778296,  1.0000000,   3.8461532, 301.1562858, 12.2283665, 0.0000000e+00, 0.0000000e+00, 0.0000000e+00, 0.0000000e+00
 347,   167,    86,  39.4684369,  46.8539221, -0.2518145, -0.1099993,  43.9328682,  18.8563054, 1.274114, 0.298676,  0.2873420,   3.7826627, 183.8804173, 39.5489811, -1.4584075e-01, -1.8843775e-01, -2.4191681e-01, -7.0481831e-01
 255,    47,    66, 112.9682610,  50.4680255, -0.9892623,  0.0794565,  46.8130467,  18.8563054, 3.334854, 3.817116,  1.0000000,   3.8461619, 299.7036402,  2.3341417, 0.0000000e+00, 0.0000000e+00, 0.0000000e+00, 0.0000000e+00
 254,    47,    56, 111.7472957,  50.4680255, -0.9872643,  0.0326587,  46.8130467,  18.8563054, 3.341779, 3.799256,  1.0000000,   3.8461619, 298.2507476, -7.5601347, 0.0000000e+00, 0.0000000e+00, 0.0000000e+00, 0.0000000e+00
 344,   167,    56,   9.8764363,  43.7236581, -0.8202613,  0.0620691,  39.5759530,  18.8563054, 2.218825, 2.601806,  0.8598942,   3.6782217, 179.5235021,  9.8675049, 1.3375928e-01, 1.7292340e-01, 2.2216396e-01, 2.4890797e-01
 343,   168,    46,   0.4992125,  42.5323871, -0.8906509,  0.0425306,  38.1240566,  18.8563054, 3.898938, 3.246418,  1.0000000,   3.6408455, 178.0716057, -0.0268157, 2.1201509e-01, 2.7406291e-01, 3.5205314e-01, 5.1584151e-01
 346,   167,    76,  29.6043621,  45.7748722, -0.4305461, -0.0211667,  42.4800480,  18.8563054, 1.416778, 0.604100,  0.3738051,   3.7490345, 182.4275971, 29.6550810, -1.0876231e-01, -1.4051678e-01, -1.8037394e-01, -5.7834237e-01
 258,    47,    96, 121.5777089,  49.8132958, -0.9007251,  0.2015961,  46.8104936,  18.8563054, 3.152717, 3.549994,  1.0000000,   3.8461074, 304.0602716, 32.0156098, 0.0000000e+00, 0.0000000e+00, 0.0000000e+00, 0.0000000e+00
 345,   167,    66,  19.7407577,  44.7303799, -0.6372981,  0.0431045,  41.0274764,  18.8563054, 1.671480, 1.253076,  0.5281695,   3.7142420, 180.9750255, 19.7616525, -2.9976629e-02, -3.8692447e-02, -4.9605278e-02, -3.0960142e-01
 88,   102,    16,  65.5523885,  50.4680255, -0.7155519, -0.0918274,  46.8130467,  18.8563054, 2.555576, 2.774698,  1.0000000,   3.8461619, 238.8568467, -39.7850196, 2.2942018e-02, 2.9658176e-02, 3.8101453e-02, 4.7515686e-02
 336,   158,    46,   1.9712118,  50.4680255, -0.9244319,  0.0415769,  46.8130467,  18.8563054, 3.816859, 3.559109,  1.0000000,   3.8461619, 187.9650782, -1.4786494, 2.4997584e-01, 3.2312422e-01, 4.1506048e-01, 6.4532708e-01
 210,   158,    36,  11.3835062,  50.2384157, -0.8350335,  0.0086112,  46.5654180,  18.8563054, 2.266352, 2.850425,  0.8886983,   3.8408582, 186.5129671, -11.3725863, 1.6394156e-01, 2.1193164e-01, 2.7226058e-01, 3.5186088e-01
 335,   158,    26,  21.2728674,  48.8948163, -0.6494882,  0.0296840,  45.1125571,  18.8563054, 1.726791, 1.391077,  0.5616913,   3.8091606, 185.0601062, -21.2670260, -1.3223196e-02, -1.7039946e-02, -2.1797891e-02, -2.5245482e-01
 209,   158,    16,  31.1647096,  47.5586117, -0.4347742,  0.1109513,  43.6607523,  18.8563054, 1.450203, 0.667748,  0.3940624,   3.7764496, 183.6083014, -31.1607225, -1.0103542e-01, -1.3053037e-01, -1.6754882e-01, -5.5198563e-01
 176,    18,    16, 144.8274252,  50.4680255, -0.8415250, -0.1125811,  46.8130467,  18.8563054, 2.931389, 3.265477,  1.0000000,   3.8461619, 322.1241591, -51.4921386, 0.0000000e+00, 0.0000000e+00, 0.0000000e+00, 0.0000000e+00
 229,    18,     6, 147.3111653,  50.4680255, -0.7810370, -0.1301973,  46.8130467,  18.8563054, 2.790569, 3.045447,  1.0000000,   3.8461619, 320.6714753, -61.3857252, 0.0000000e+00, 0.0000000e+00, 0.0000000e+00, 0.0000000e+00
 319,   127,   106,  66.4880358,  49.2313269, -0.4375960,  0.1458751,  46.8080032,  18.8563054, 1.944957, 1.231050,  0.6939132,   3.8460542, 226.3605291, 53.5277549, -3.8222556e-03, -4.9341130e-03, -6.3266289e-03, -3.7311385e-02
 230,    18,    26, 143.0007888,  50.4680255, -0.8938370, -0.0875309,  46.8130467,  18.8563054, 3.060354, 3.454287,  1.0000000,   3.8461619, 323.5762886, -41.5985974, 0.0000000e+00, 0.0000000e+00, 0.0000000e+00, 0.0000000e+00
 66,    21,    43, 137.9825165,  50.4680255, -0.9587643, -0.0310520,  46.8130467,  18.8563054, 3.231128, 3.689496,  1.0000000,   3.8461619, 322.5628126, -24.4271217, 0.0000000e+00, 0.0000000e+00, 0.0000000e+00, 0.0000000e+00
 300,   107,    66,  54.7072236,  50.3618053, -0.9522826,  0.1280431,  46.8126473,  18.8563054, 3.361574, 3.695585,  1.0000000,   3.8461534, 240.3390912, 11.0479847, 1.3587330e-01, 1.7563109e-01, 2.2559927e-01, 3.5777039e-01
 281,    88,    46,  71.4198370,  50.4680255, -0.9670946,  0.0007349,  46.8130467,  18.8563054, 3.379934, 3.719603,  1.0000000,   3.8461619, 257.2230372, -11.6442673, 0.0000000e+00, 0.0000000e+00, 0.0000000e+00, 0.0000000e+00
 296,   108,    26,  55.6420252,  50.4680255, -0.8199577, -0.0751200,  46.8130467,  18.8563054, 2.860341, 3.166897,  1.0000000,   3.8461619, 234.5303861, -28.5277690, 9.6849959e-02, 1.2519492e-01, 1.6082358e-01, 2.3112134e-01
 297,   108,    36,  52.6337149,  50.4680255, -0.9100609, -0.0412979,  46.8130467,  18.8563054, 3.209754, 3.503844,  1.0000000,   3.8461619, 235.9828412, -18.6341085, 1.4082125e-01, 1.8202939e-01, 2.3382227e-01, 3.6031665e-01
 231,    18,    46, 141.4126600,  50.4680255, -0.9673604, -0.0196450,  46.8130467,  18.8563054, 3.249574, 3.721392,  1.0000000,   3.8461619, 326.4803705, -21.8100085, 0.0000000e+00, 0.0000000e+00, 0.0000000e+00, 0.0000000e+00
 279,    88,    26,  74.5145691,  50.4680255, -0.8472469, -0.0829899,  46.8130467,  18.8563054, 2.962300, 3.274244,  1.0000000,   3.8461619, 254.3190654, -31.4328762, 0.0000000e+00, 0.0000000e+00, 0.0000000e+00, 0.0000000e+00
 178,    17,    56, 141.6753629,  50.4680255, -0.9862804,  0.0201264,  46.8130467,  18.8563054, 3.295564, 3.794184,  1.0000000,   3.8461619, 327.9330324, -11.9165048, 0.0000000e+00, 0.0000000e+00, 0.0000000e+00, 0.0000000e+00
 85,   110,    51,  49.3280184,  50.4680255, -0.9759315,  0.0385558,  46.8130467,  18.8563054, 3.514181, 3.756519,  1.0000000,   3.8461619, 235.9322187, -3.8931231, 1.8876371e-01, 2.4399678e-01, 3.1341381e-01, 5.0100233e-01
 232,    17,    66, 142.6394054,  50.4680255, -0.9926254,  0.0614285,  46.8130467,  18.8563054, 3.303985, 3.825101,  1.0000000,   3.8461619, 329.3847883, -2.0226668, 0.0000000e+00, 0.0000000e+00, 0.0000000e+00, 0.0000000e+00
 219,     8,    16, 154.6066173,  50.4680255, -0.8485190, -0.1121606,  46.8130467,  18.8563054, 2.945671, 3.291929,  1.0000000,   3.8461619, 332.0182094, -52.9450971, 0.0000000e+00, 0.0000000e+00, 0.0000000e+00, 0.0000000e+00
 179,    17,    76, 144.2929871,  50.4680255, -0.9865575,  0.1024512,  46.8130467,  18.8563054, 3.275497, 3.814865,  1.0000000,   3.8461619, 330.8378297,  7.8719951, 0.0000000e+00, 0.0000000e+00, 0.0000000e+00, 0.0000000e+00
 240,    27,    66, 132.7325096,  50.4680255, -0.9919385,  0.0669802,  46.8130467,  18.8563054, 3.314036, 3.823844,  1.0000000,   3.8461619, 319.4909426, -0.5706710, 0.0000000e+00, 0.0000000e+00, 0.0000000e+00, 0.0000000e+00
 239,    27,    56, 131.6963224,  50.4680255, -0.9867201,  0.0239513,  46.8130467,  18.8563054, 3.309340, 3.796203,  1.0000000,   3.8461619, 318.0395751, -10.4643410, 0.0000000e+00, 0.0000000e+00, 0.0000000e+00, 0.0000000e+00
 238,    28,    46, 131.4140810,  50.4680255, -0.9675539, -0.0175407,  46.8130467,  18.8563054, 3.261573, 3.721980,  1.0000000,   3.8461619, 316.5873184, -20.3576594, 0.0000000e+00, 0.0000000e+00, 0.0000000e+00, 0.0000000e+00
 237,    28,    36, 131.8914611,  50.4680255, -0.9348450, -0.0553989,  46.8130467,  18.8563054, 3.174323, 3.601873,  1.0000000,   3.8461619, 315.1347254, -30.2521381, 0.0000000e+00, 0.0000000e+00, 0.0000000e+00, 0.0000000e+00
 236,    28,    26, 133.1205592,  50.4680255, -0.8896643, -0.0876834,  46.8130467,  18.8563054, 3.055276, 3.438372,  1.0000000,   3.8461619, 313.6824655, -40.1456568, 0.0000000e+00, 0.0000000e+00, 0.0000000e+00, 0.0000000e+00
 158,    96,    41,  62.9590731,  50.4680255, -0.9462671, -0.0207386,  46.8130467,  18.8563054, 3.329057, 3.640371,  1.0000000,   3.8461619, 247.8696318, -15.1420644, 6.0984046e-02, 7.8828842e-02, 1.0125666e-01, 1.5935435e-01
 159,    98,    40,  61.1940919,  50.4680255, -0.9364492, -0.0287066,  46.8130467,  18.8563054, 3.295723, 3.603427,  1.0000000,   3.8461619, 245.6602447, -16.5921592, 7.4954730e-02, 9.6887800e-02, 1.2445406e-01, 1.9480992e-01
 160,   101,    38,  58.8310421,  50.4680255, -0.9275916, -0.0342309,  46.8130467,  18.8563054, 3.266944, 3.570096,  1.0000000,   3.8461619, 242.9119965, -17.5460313, 9.3562236e-02, 1.2094048e-01, 1.5535066e-01, 2.4194822e-01
 161,   103,    37,  56.7880157,  50.4680255, -0.9194246, -0.0385619,  46.8130467,  18.8563054, 3.239070, 3.539365,  1.0000000,   3.8461619, 240.5127051, -18.3123178, 1.0903361e-01, 1.4093943e-01, 1.8104030e-01, 2.8060095e-01
 128,    90,    39,  69.0593516,  50.4680255, -0.9338745, -0.0352959,  46.8130467,  18.8563054, 3.265153, 3.594397,  1.0000000,   3.8461619, 253.2662759, -18.5994642, 7.9723022e-03, 1.0305145e-02, 1.3237149e-02, 2.0692377e-02
 162,    76,    26,  85.8848064,  50.4680255, -0.8570254, -0.0860717,  46.8130467,  18.8563054, 2.989829, 3.312840,  1.0000000,   3.8461619, 265.8845264, -33.3969323, 0.0000000e+00, 0.0000000e+00, 0.0000000e+00, 0.0000000e+00
 163,    78,    28,  82.9778774,  50.4680255, -0.8717529, -0.0788414,  46.8130467,  18.8563054, 3.036195, 3.366587,  1.0000000,   3.8461619, 263.8085362, -30.8008851, 0.0000000e+00, 0.0000000e+00, 0.0000000e+00, 0.0000000e+00
 164,    81,    30,  79.7908997,  50.4680255, -0.8842338, -0.0716671,  46.8130467,  18.8563054, 3.077965, 3.412059,  1.0000000,   3.8461619, 261.3297743, -28.3862078, 0.0000000e+00, 0.0000000e+00, 0.0000000e+00, 0.0000000e+00
 165,    85,    34,  75.4718874,  50.4680255, -0.9091260, -0.0561008,  46.8130467,  18.8563054, 3.165351, 3.503297,  1.0000000,   3.8461619, 258.3458090, -23.9021870, 0.0000000e+00, 0.0000000e+00, 0.0000000e+00, 0.0000000e+00
 166,    87,    35,  72.4888597,  50.4680255, -0.9147047, -0.0510596,  46.8130467,  18.8563054, 3.189371, 3.523579,  1.0000000,   3.8461619, 255.6954027, -22.4138057, 0.0000000e+00, 0.0000000e+00, 0.0000000e+00, 0.0000000e+00
 150,    63,    52,  95.8787737,  50.4680255, -0.9816679,  0.0199307,  46.8130467,  18.8563054, 3.359662, 3.776432,  1.0000000,   3.8461619, 282.1748860, -9.4129678, 0.0000000e+00, 0.0000000e+00, 0.0000000e+00, 0.0000000e+00
 151,    68,    50,  90.6551289,  50.4680255, -0.9783791,  0.0136435,  46.8130467,  18.8563054, 3.362472, 3.763370,  1.0000000,   3.8461619, 276.8189255, -10.3730977, 0.0000000e+00, 0.0000000e+00, 0.0000000e+00, 0.0000000e+00
 149,    60,    54,  99.5346947,  50.4680255, -0.9843184,  0.0265801,  46.8130467,  18.8563054, 3.358701, 3.787228,  1.0000000,   3.8461619, 285.9510432, -8.2560345, 0.0000000e+00, 0.0000000e+00, 0.0000000e+00, 0.0000000e+00
 154,    82,    48,  76.5493427,  50.4680255, -0.9726052,  0.0077829,  46.8130467,  18.8563054, 3.382812, 3.740917,  1.0000000,   3.8461619, 262.5644590, -10.6455484, 0.0000000e+00, 0.0000000e+00, 0.0000000e+00, 0.0000000e+00
 155,    86,    46,  72.6086022,  50.4680255, -0.9674189,  0.0006478,  46.8130467,  18.8563054, 3.377233, 3.720850,  1.0000000,   3.8461619, 258.4120314, -11.7402045, 0.0000000e+00, 0.0000000e+00, 0.0000000e+00, 0.0000000e+00
 152,    74,    49,  84.8395561,  50.4680255, -0.9761832,  0.0111780,  46.8130467,  18.8563054, 3.370638, 3.754805,  1.0000000,   3.8461619, 270.9455532, -10.5068895, 0.0000000e+00, 0.0000000e+00, 0.0000000e+00, 0.0000000e+00
 153,    79,    49,  80.2352271,  50.4680255, -0.9745900,  0.0099328,  46.8130467,  18.8563054, 3.378382, 3.748626,  1.0000000,   3.8461619, 266.3088723, -10.4649357, 0.0000000e+00, 0.0000000e+00, 0.0000000e+00, 0.0000000e+00
 156,    90,    44,  69.1530197,  50.4680255, -0.9600222, -0.0083661,  46.8130467,  18.8563054, 3.361556, 3.692541,  1.0000000,   3.8461619, 254.6378042, -13.2127296, 7.5148181e-03, 9.7137259e-03, 1.2477347e-02, 1.9779284e-02
 157,    93,    43,  65.7073317,  50.4680255, -0.9545242, -0.0133680,  46.8130467,  18.8563054, 3.352125, 3.671615,  1.0000000,   3.8461619, 250.9747465, -13.9193317, 3.7723114e-02, 4.8761327e-02, 6.2634375e-02, 9.9005479e-02
 193,    77,    96,  94.8434792,  49.6842592, -0.8308921,  0.2221022,  46.8099618,  18.8563054, 2.970713, 3.307891,  1.0000000,   3.8460960, 274.3785785, 36.3727463, 0.0000000e+00, 0.0000000e+00, 0.0000000e+00, 0.0000000e+00
 278,    77,   106, 100.3267629,  49.4318718, -0.7535875,  0.2405802,  46.8088894,  18.8563054, 2.786080, 3.042468,  1.0000000,   3.8460731, 275.8302521, 46.2667948, 0.0000000e+00, 0.0000000e+00, 0.0000000e+00, 0.0000000e+00
 228,     7,   106, 162.3790575,  49.7247936, -0.9159125,  0.2003873,  46.8101300,  18.8563054, 3.188067, 3.606015,  1.0000000,   3.8460996, 345.0884564, 36.1017231, 0.0000000e+00, 0.0000000e+00, 0.0000000e+00, 0.0000000e+00
 43,    77,    46,  81.5000415,  50.4680255, -0.9673277, -0.0036122,  46.8130467,  18.8563054, 3.350911, 3.720525,  1.0000000,   3.8461619, 267.1857397, -13.1834930, 0.0000000e+00, 0.0000000e+00, 0.0000000e+00, 0.0000000e+00
 356,   188,    16,  26.8083098,  23.4725972, -0.1175122,  0.5934642,  13.9786467,  18.8563054, 1.223900, 0.456464,  0.2569092,   2.9368474, 153.9261958, -26.8036748, -1.2668524e-01, -1.6368076e-01, -2.1012246e-01, -6.3947816e-01
 309,   117,   106,  71.7611471,  49.2708584, -0.5229652,  0.1881733,  46.8081805,  18.8563054, 2.155785, 1.756439,  0.8216882,   3.8460580, 236.2545277, 52.0752720, 0.0000000e+00, 0.0000000e+00, 0.0000000e+00, -0.0000000e+00
 357,   188,    26,  16.9171155,  24.3652627, -0.3130635,  0.3895758,  15.4306763,  18.8563054, 1.469306, 0.595387,  0.4056398,   2.9368474, 155.3782254, -16.9097695, -1.0982006e-01, -1.4188383e-01, -1.8212959e-01, -5.8195039e-01
 358,   188,    36,   7.0340925,  25.3098406, -0.5731623,  0.1578503,  16.8827657,  18.8563054, 2.169706, 1.449364,  0.8301246,   2.9368474, 156.8303148, -7.0164067, -6.1472178e-03, -7.8947979e-03, -1.0053166e-02, -2.2831839e-01
 359,   188,    46,   2.9213490,  26.3013035, -0.6794898, -0.0279278,  18.3357113,  18.8563054, 2.877398, 1.997243,  1.0000000,   2.9368474, 158.2832604,  2.8785041, 6.0365268e-02, 7.8067385e-02, 1.0034441e-01, -1.4417841e-03
 360,   187,    56,  12.7716966,  26.9950493, -0.5184117, -0.1788568,  19.7877733,  18.8563054, 1.621162, 0.814694,  0.4976738,   2.9850642, 159.7353224, 12.7715195, -8.3196180e-02, -1.0747455e-01, -1.3793921e-01, -4.9113532e-01
 307,   117,    66,  45.4388124,  50.3151231, -0.9352420,  0.1360893,  46.8124701,  18.8563054, 3.322373, 3.634963,  1.0000000,   3.8461496, 230.4453288, 12.5000303, 2.1219600e-01, 2.7428765e-01, 3.5232621e-01, 5.5404984e-01
 202,   117,    76,  50.3754940,  50.0385165, -0.8585434,  0.1798594,  46.8113976,  18.8563054, 3.002199, 3.373749,  1.0000000,   3.8461267, 231.8972801, 22.3943685, 1.4880156e-01, 1.9234708e-01, 2.4707930e-01, 3.7192972e-01
 308,   117,    86,  56.6529297,  49.7721620, -0.7558552,  0.2032249,  46.8103252,  18.8563054, 2.670819, 3.010341,  1.0000000,   3.8461038, 233.3497016, 32.2883298, 8.1575231e-02, 1.0545185e-01, 1.3546549e-01, 1.8600570e-01
 203,   117,    96,  63.8763923,  49.5162212, -0.6403890,  0.2051718,  46.8092528,  18.8563054, 2.385355, 2.484981,  0.9608210,   3.8460809, 234.8018294, 42.1820000, 2.4408026e-02, 3.1555670e-02, 4.0543116e-02, 4.0932367e-02
 213,   157,    96,  48.6284114,  49.3528106, -0.2404699, -0.0504499,  46.8085439,  18.8563054, 1.388939, 0.337301,  0.3569329,   3.8460657, 195.2267463, 47.9909622, -1.0055452e-01, -1.2992323e-01, -1.6679377e-01, -4.9070857e-01
 338,   157,    86,  38.6631583,  49.6017870, -0.3915687,  0.0258921,  46.8096163,  18.8563054, 1.514331, 0.653417,  0.4329280,   3.8460887, 193.7747248, 38.0971299, -1.0277520e-01, -1.3277890e-01, -1.7043651e-01, -5.5792009e-01
 212,   157,    76,  28.7012007,  49.8612800, -0.5684597,  0.0841142,  46.8106887,  18.8563054, 1.711281, 1.220655,  0.5522913,   3.8461116, 192.3216531, 28.2031755, -3.3912532e-02, -4.3779294e-02, -5.6138099e-02, -3.2302693e-01
 337,   157,    66,  18.7487718,  50.1311234, -0.7487436,  0.1080023,  46.8117611,  18.8563054, 2.053663, 2.210681,  0.7597957,   3.8461345, 190.8693703, 18.3092423, 8.6276714e-02, 1.1155590e-01, 1.4335229e-01, 8.6943141e-02
 211,   157,    56,   8.8368655,  50.4111698, -0.8863747,  0.0887253,  46.8128335,  18.8563054, 2.755133, 3.426173,  1.0000000,   3.8461574, 189.4173063,  8.4146743, 2.3383746e-01, 3.0226662e-01, 3.8827395e-01, 5.9027843e-01
 207,   137,    76,  35.7879001,  49.9493454, -0.7554756,  0.1685397,  46.8110432,  18.8563054, 2.520627, 2.977078,  1.0000000,   3.8461191, 212.1093890, 25.2984177, 1.7931723e-01, 2.3180349e-01, 2.9778116e-01, 4.0430788e-01
 322,   137,    66,  28.4280747,  50.2225840, -0.8758865,  0.1435281,  46.8121156,  18.8563054, 3.026141, 3.413714,  1.0000000,   3.8461421, 210.6574860, 15.4041368, 2.3232483e-01, 3.0031166e-01, 3.8576329e-01, 5.8511880e-01
 189,    57,    96, 112.4834994,  49.7699933, -0.8817963,  0.2093842,  46.8103163,  18.8563054, 3.108007, 3.485780,  1.0000000,   3.8461036, 294.1662215, 33.4682017, 0.0000000e+00, 0.0000000e+00, 0.0000000e+00, 0.0000000e+00
 227,     7,    96, 159.0447550,  49.9892698, -0.9493880,  0.1691443,  46.8112024,  18.8563054, 3.237664, 3.708961,  1.0000000,   3.8461225, 343.6359593, 26.2076245, 0.0000000e+00, 0.0000000e+00, 0.0000000e+00, 0.0000000e+00
 323,   137,    86,  44.1844921,  49.6864041, -0.6136101,  0.1630911,  46.8099707,  18.8563054, 2.155526, 2.006131,  0.8215311,   3.8460962, 213.5620520, 35.1926877, 5.2873829e-02, 6.8378312e-02, 8.7889181e-02, 1.9264495e-03
 225,     7,    76, 154.1057459,  50.4680255, -0.9889576,  0.0958974,  46.8130467,  18.8563054, 3.272807, 3.821532,  1.0000000,   3.8461619, 340.7317667,  6.4195763, 0.0000000e+00, 0.0000000e+00, 0.0000000e+00, 0.0000000e+00
 262,    57,    66, 103.1194881,  50.4680255, -0.9869719,  0.0864473,  46.8130467,  18.8563054, 3.345028, 3.810587,  1.0000000,   3.8461619, 289.8093175,  3.7869895, 0.0000000e+00, 0.0000000e+00, 0.0000000e+00, 0.0000000e+00
 324,   137,   106,  62.3835428,  49.1920764, -0.3400093,  0.0825293,  46.8078259,  18.8563054, 1.724654, 0.754106,  0.5603967,   3.8460504, 216.4668981, 54.9807790, -2.2989411e-02, -2.9699320e-02, -3.8119794e-02, -1.3106016e-01
 187,    57,    56, 101.7815109,  50.4680255, -0.9872594,  0.0376260,  46.8130467,  18.8563054, 3.360983, 3.799916,  1.0000000,   3.8461619, 288.3574659, -6.1076550, 0.0000000e+00, 0.0000000e+00, 0.0000000e+00, 0.0000000e+00
 223,     7,    56, 151.6576132,  50.4680255, -0.9857772,  0.0166070,  46.8130467,  18.8563054, 3.283124, 3.791997,  1.0000000,   3.8461619, 337.8270430, -13.3683088, 0.0000000e+00, 0.0000000e+00, 0.0000000e+00, 0.0000000e+00
 263,    57,    86, 108.5393225,  50.0362656, -0.9318611,  0.1749161,  46.8113887,  18.8563054, 3.223082, 3.646649,  1.0000000,   3.8461265, 292.7143495, 23.5741216, 0.0000000e+00, 0.0000000e+00, 0.0000000e+00, 0.0000000e+00
 224,     7,    66, 152.5595058,  50.4680255, -0.9930150,  0.0562847,  46.8130467,  18.8563054, 3.294356, 3.825427,  1.0000000,   3.8461619, 339.2797121, -3.4746879, 0.0000000e+00, 0.0000000e+00, 0.0000000e+00, 0.0000000e+00
 188,    57,    76, 105.3929076,  50.3127792, -0.9678480,  0.1331895,  46.8124611,  18.8563054, 3.297942, 3.757570,  1.0000000,   3.8461494, 291.2615375, 13.6800747, 0.0000000e+00, 0.0000000e+00, 0.0000000e+00, 0.0000000e+00
 86,   113,    60,  47.8492928,  50.4680255, -0.9678715,  0.0991347,  46.8130467,  18.8563054, 3.458909, 3.742067,  1.0000000,   3.8461619, 234.2294914,  6.0008565, 2.0097106e-01, 2.5977629e-01, 3.3368298e-01, 5.3242159e-01
 190,    78,    36,  82.1871028,  50.4680255, -0.9237368, -0.0494431,  46.8130467,  18.8563054, 3.203754, 3.557927,  1.0000000,   3.8461619, 265.6649616, -22.9907030, 0.0000000e+00, 0.0000000e+00, 0.0000000e+00, 0.0000000e+00
 274,    78,    26,  84.1450891,  50.4680255, -0.8574300, -0.0850352,  46.8130467,  18.8563054, 2.991673, 3.313993,  1.0000000,   3.8461619, 264.2124125, -32.8840935, 0.0000000e+00, 0.0000000e+00, 0.0000000e+00, 0.0000000e+00
 51,   159,    43,   4.2388877,  50.2097188, -0.9087205,  0.0292611,  46.5344561,  18.8563054, 3.079324, 3.491471,  1.0000000,   3.8401930, 186.4820052, -4.2094744, 2.4176457e-01, 3.1251179e-01, 4.0143139e-01, 6.1731811e-01
 204,   138,    16,  37.9136723,  50.4680255, -0.5795580, -0.0156247,  46.8130467,  18.8563054, 1.958947, 1.566253,  0.7023921,   3.8461619, 203.3964278, -34.0653364, 8.0430893e-03, 1.0445063e-02, 1.3499938e-02, -1.7991472e-01
 181,    38,    16, 125.3737722,  50.4680255, -0.8246944, -0.1127233,  46.8130467,  18.8563054, 2.893766, 3.201401,  1.0000000,   3.8461619, 302.3354725, -48.5878805, 0.0000000e+00, 0.0000000e+00, 0.0000000e+00, 0.0000000e+00
 245,    38,    26, 123.2596130,  50.4680255, -0.8849216, -0.0877079,  46.8130467,  18.8563054, 3.048634, 3.420228,  1.0000000,   3.8461619, 303.7882428, -38.6938434, 0.0000000e+00, 0.0000000e+00, 0.0000000e+00, 0.0000000e+00
 42,    54,    33, 105.6461207,  50.4680255, -0.9125309, -0.0660251,  46.8130467,  18.8563054, 3.138597, 3.518917,  1.0000000,   3.8461619, 288.1024339, -29.8443659, 0.0000000e+00, 0.0000000e+00, 0.0000000e+00, 0.0000000e+00
 246,    38,    46, 121.4136540,  50.4680255, -0.9677122, -0.0152327,  46.8130467,  18.8563054, 3.275082, 3.722439,  1.0000000,   3.8461619, 306.6921718, -18.9061887, 0.0000000e+00, 0.0000000e+00, 0.0000000e+00, 0.0000000e+00
 182,    38,    36, 121.9318464,  50.4680255, -0.9332480, -0.0545936,  46.8130467,  18.8563054, 3.179873, 3.595559,  1.0000000,   3.8461619, 305.2413595, -28.7999187, 0.0000000e+00, 0.0000000e+00, 0.0000000e+00, 0.0000000e+00
 183,    37,    56, 121.7192682,  50.4680255, -0.9870634,  0.0281164,  46.8130467,  18.8563054, 3.324663, 3.797946,  1.0000000,   3.8461619, 308.1447606, -9.0120080, 0.0000000e+00, 0.0000000e+00, 0.0000000e+00, 0.0000000e+00
 206,   137,    56,  23.1170094,  50.4680255, -0.9490238,  0.0918691,  46.8130467,  18.8563054, 3.556163, 3.667162,  1.0000000,   3.8461619, 209.2057367,  5.5102883, 2.6309344e-01, 3.4007769e-01, 4.3683311e-01, 6.9007171e-01
 290,    98,    46,  61.4217342,  50.4680255, -0.9662613,  0.0051649,  46.8130467,  18.8563054, 3.413582, 3.716451,  1.0000000,   3.8461619, 247.3288049, -10.1918093, 7.6940499e-02, 9.9453871e-02, 1.2774891e-01, 2.0315684e-01
 196,    97,    56,  62.0232275,  50.4680255, -0.9825216,  0.0625039,  46.8130467,  18.8563054, 3.465498, 3.786576,  1.0000000,   3.8461619, 248.7811020, -0.2984434, 7.3809165e-02, 9.5405864e-02, 1.2254851e-01, 1.9663307e-01
 291,    97,    66,  64.1957534,  50.4087807, -0.9643790,  0.1192816,  46.8128246,  18.8563054, 3.371773, 3.737418,  1.0000000,   3.8461572, 250.2334374,  9.5953002, 5.2552136e-02, 6.7929198e-02, 8.7255178e-02, 1.3914031e-01
 197,    97,    76,  67.7824928,  50.1288197, -0.9157430,  0.1683236,  46.8117521,  18.8563054, 3.207718, 3.581076,  1.0000000,   3.8461343, 251.6853080, 19.4898393, 1.8674557e-02, 2.4139099e-02, 3.1007160e-02, 4.8372951e-02
 292,    97,    86,  72.5725027,  49.8590688, -0.8432961,  0.2045262,  46.8106797,  18.8563054, 2.980822, 3.337439,  1.0000000,   3.8461114, 253.1381735, 29.3835404, 0.0000000e+00, 0.0000000e+00, 0.0000000e+00, 0.0000000e+00
 52,   125,    44,  34.1054869,  50.4680255, -0.9479439,  0.0041467,  46.8130467,  18.8563054, 3.479206, 3.645981,  1.0000000,   3.8461619, 219.6761507, -8.9163887, 2.6052207e-01, 3.3675439e-01, 4.3256513e-01, 6.8130065e-01
 326,   148,    26,  24.1565910,  50.4680255, -0.7055371, -0.0134632,  46.8130467,  18.8563054, 2.091403, 2.124244,  0.7826684,   3.8461619, 194.9543062, -22.7190560, 7.5783180e-02, 9.7993830e-02, 1.2593510e-01, 5.1149300e-02
 325,   148,    16,  33.3059053,  50.4680255, -0.5152756,  0.0344918,  46.8130467,  18.8563054, 1.679708, 1.058991,  0.5331562,   3.8461619, 193.5024522, -32.6126081, -5.3538459e-02, -6.9144268e-02, -8.8713257e-02, -3.8997171e-01
 50,   153,    24,  24.8986627,  50.4680255, -0.6200364,  0.0202776,  46.8130467,  18.8563054, 1.744457, 1.365762,  0.5723979,   3.8461619, 189.2073772, -24.7731341, -1.6296542e-02, -2.1012005e-02, -2.6899038e-02, -2.6293812e-01
 328,   148,    46,  11.4898844,  50.4680255, -0.9425506,  0.0357839,  46.8130467,  18.8563054, 3.773394, 3.627814,  1.0000000,   3.8461619, 197.8590703, -2.9313502, 2.5831659e-01, 3.3390398e-01, 4.2890448e-01, 6.7377769e-01
 327,   148,    36,  16.0550803,  50.4680255, -0.8623603, -0.0099405,  46.8130467,  18.8563054, 2.837258, 3.316998,  1.0000000,   3.8461619, 196.4061235, -12.8250108, 2.2058354e-01, 2.8513697e-01, 3.6627507e-01, 5.4506882e-01
 329,   147,    56,  14.3613666,  50.4584066, -0.9253907,  0.0947103,  46.8130107,  18.8563054, 3.416067, 3.577794,  1.0000000,   3.8461612, 199.3112654,  6.9628808, 2.5224420e-01, 3.2605589e-01, 4.1882551e-01, 6.5306454e-01
 68,   105,    31,  56.2588891,  50.4680255, -0.8649579, -0.0641695,  46.8130467,  18.8563054, 3.025495, 3.335911,  1.0000000,   3.8461619, 237.3542796, -24.5986437, 1.0208709e-01, 1.3196247e-01, 1.6951309e-01, 2.5324895e-01
 99,   116,    68,  47.3860861,  50.2842694, -0.9302294,  0.1419442,  46.8123524,  18.8563054, 3.294803, 3.619212,  1.0000000,   3.8461471, 232.1489382, 13.6138447, 1.9393114e-01, 2.5067852e-01, 3.2200043e-01, 5.0520664e-01
 259,    47,   106, 125.9042502,  49.5556908, -0.8467035,  0.2295696,  46.8094211,  18.8563054, 3.035300, 3.374068,  1.0000000,   3.8460845, 305.5119335, 41.9100389, 0.0000000e+00, 0.0000000e+00, 0.0000000e+00, 0.0000000e+00
 348,   167,    96,  49.3327399,  47.9642594, -0.1146521, -0.2033846,  45.3849136,  18.8563054, 1.184832, 0.207751,  0.2332318,   3.8151798, 185.3324627, 49.4431103, -1.0807535e-01, -1.3964448e-01, -1.7928037e-01, -5.1149431e-01
 349,   167,   106,  59.1971666,  49.0761538, -0.0148253, -0.2903230,  46.8072942,  18.8563054, 1.124834, 0.220109,  0.1968689,   3.8460390, 186.7846005, 59.3373559, -5.5951031e-02, -7.2294325e-02, -9.2813637e-02, -2.6551667e-01
 234,    17,   106, 153.0955261,  49.6820943, -0.9025891,  0.2080796,  46.8099528,  18.8563054, 3.162833, 3.562498,  1.0000000,   3.8460958, 335.1944159, 37.5535822, 0.0000000e+00, 0.0000000e+00, 0.0000000e+00, 0.0000000e+00
 233,    17,    86, 146.6089012,  50.2179155, -0.9687480,  0.1414929,  46.8120976,  18.8563054, 3.263637, 3.765475,  1.0000000,   3.8461417, 332.2898584, 17.7655348, 0.0000000e+00, 0.0000000e+00, 0.0000000e+00, 0.0000000e+00
 180,    17,    96, 149.5558575,  49.9448654, -0.9402904,  0.1770910,  46.8110253,  18.8563054, 3.226549, 3.680049,  1.0000000,   3.8461188, 333.7427623, 27.6592025, 0.0000000e+00, 0.0000000e+00, 0.0000000e+00, 0.0000000e+00
 331,   147,    76,  30.8587454,  49.9051885, -0.6754482,  0.1410498,  46.8108660,  18.8563054, 2.140250, 2.155683,  0.8122728,   3.8461154, 202.2158696, 26.7501779, 7.9599923e-02, 1.0292667e-01, 1.3227014e-01, 6.4168352e-02
 330,   147,    66,  21.9053994,  50.1767087, -0.8245509,  0.1353846,  46.8119383,  18.8563054, 2.642044, 3.213801,  1.0000000,   3.8461383, 200.7630581, 16.8569045, 2.0805540e-01, 2.6894533e-01, 3.4548084e-01, 5.0233486e-01
 333,   147,    96,  49.9362295,  49.3932290, -0.3622815,  0.0587074,  46.8087211,  18.8563054, 1.639883, 0.718500,  0.5090200,   3.8460695, 205.1200177, 46.5386597, -6.3451057e-02, -8.1972087e-02, -1.0521589e-01, -3.5510805e-01
 332,   147,    86,  40.2930866,  49.6439676, -0.5135508,  0.1121984,  46.8097936,  18.8563054, 1.835572, 1.268892,  0.6276197,   3.8460924, 203.6683450, 36.6443224, -2.7782402e-02, -3.5857070e-02, -4.5964761e-02, -3.0009111e-01
 334,   147,   106,  59.6870540,  49.1531477, -0.2323595, -0.0081185,  46.8076487,  18.8563054, 1.506626, 0.382953,  0.4282580,   3.8460466, 206.5723069, 56.4326468, -4.6617789e-02, -6.0232657e-02, -7.7324750e-02, -2.3029469e-01
 318,   127,    96,  57.8914197,  49.4749346, -0.5635062,  0.1779236,  46.8090756,  18.8563054, 2.156657, 1.868696,  0.8222164,   3.8460771, 224.9084775, 43.6342160, 1.8065899e-02, 2.3368942e-02, 3.0046364e-02, -2.2067004e-02
 317,   127,    86,  49.8091065,  49.7291438, -0.6932691,  0.1905858,  46.8101480,  18.8563054, 2.439512, 2.747726,  0.9936436,   3.8461000, 223.4561983, 33.7403923, 1.0194644e-01, 1.3179145e-01, 1.6931189e-01, 2.0819044e-01
 316,   127,    76,  42.5354728,  49.9937936, -0.8146971,  0.1789942,  46.8112204,  18.8563054, 2.806787, 3.208160,  1.0000000,   3.8461229, 222.0036405, 23.8462944, 1.8984459e-01, 2.4540505e-01, 3.1524181e-01, 4.5774143e-01
 315,   127,    66,  36.5574020,  50.2687009, -0.9109525,  0.1421066,  46.8122928,  18.8563054, 3.227348, 3.546031,  1.0000000,   3.8461458, 220.5512714, 13.9526014, 2.4838818e-01, 3.2107229e-01, 4.1242528e-01, 6.3991151e-01
 273,    67,   106, 108.6022817,  49.4728406, -0.7901605,  0.2391349,  46.8090666,  18.8563054, 2.886874, 3.175144,  1.0000000,   3.8460769, 285.7246502, 44.8151459, 0.0000000e+00, 0.0000000e+00, 0.0000000e+00, 0.0000000e+00
 272,    67,    96, 103.5560262,  49.7269826, -0.8588416,  0.2164202,  46.8101390,  18.8563054, 3.048598, 3.406452,  1.0000000,   3.8460998, 284.2719759, 34.9205095, 0.0000000e+00, 0.0000000e+00, 0.0000000e+00, 0.0000000e+00
 271,    67,    86,  99.2586828,  49.9915350, -0.9165863,  0.1835630,  46.8112114,  18.8563054, 3.191242, 3.595304,  1.0000000,   3.8461227, 282.8200165, 25.0268271, 0.0000000e+00, 0.0000000e+00, 0.0000000e+00, 0.0000000e+00
 270,    67,    76,  95.8097767,  50.2663581, -0.9594143,  0.1419313,  46.8122838,  18.8563054, 3.294299, 3.730207,  1.0000000,   3.8461456, 281.3679455, 15.1331044, 0.0000000e+00, 0.0000000e+00, 0.0000000e+00, 0.0000000e+00
 303,   107,    96,  70.7745369,  49.5577943, -0.7034354,  0.2195474,  46.8094300,  18.8563054, 2.580765, 2.834182,  1.0000000,   3.8460847, 244.6961592, 40.7298900, 0.0000000e+00, 0.0000000e+00, 0.0000000e+00, 0.0000000e+00
 304,   107,   106,  77.9661285,  49.3106583, -0.5960711,  0.2149350,  46.8083576,  18.8563054, 2.348498, 2.287098,  0.9384839,   3.8460618, 246.1483649, 50.6237918, 0.0000000e+00, 0.0000000e+00, 0.0000000e+00, 0.0000000e+00
 301,   107,    76,  58.8739371,  50.0835277, -0.8912106,  0.1754692,  46.8115748,  18.8563054, 3.128734, 3.493518,  1.0000000,   3.8461305, 241.7917034, 20.9421427, 8.9755111e-02, 1.1602000e-01, 1.4903137e-01, 2.2925845e-01
 302,   107,    86,  64.3293424,  49.8154748, -0.8048671,  0.2066652,  46.8105025,  18.8563054, 2.848814, 3.196024,  1.0000000,   3.8461076, 243.2447696, 30.8359078, 3.8919112e-02, 5.0309358e-02, 6.4626385e-02, 9.3560870e-02
 354,   177,   106,  60.6448928,  39.7372137,  0.0683968, -0.4775045,  36.9433641,  18.8563054, 1.050908, 0.264759,  0.1520653,   3.6093860, 176.8909132, 60.7894670, -4.6762513e-02, -6.0421297e-02, -7.7569752e-02, -2.2416809e-01
 218,   177,    96,  50.7805586,  38.6895747, -0.0027530, -0.3994748,  35.4906669,  18.8563054, 1.095944, 0.255744,  0.1793601,   3.5692698, 175.4382160, 50.8953067, -9.6771627e-02, -1.2503772e-01, -1.6052567e-01, -4.6293006e-01
 353,   177,    86,  40.9165873,  37.6855290, -0.1099790, -0.3050155,  34.0391518,  18.8563054, 1.163260, 0.251806,  0.2201578,   3.5275114, 173.9867009, 41.0015103, -1.4690109e-01, -1.8980969e-01, -2.4368136e-01, -7.0210005e-01
 186,    58,    36, 102.0336704,  50.4680255, -0.9292616, -0.0525041,  46.8130467,  18.8563054, 3.191775, 3.579791,  1.0000000,   3.8461619, 285.4522647, -25.8954802, 0.0000000e+00, 0.0000000e+00, 0.0000000e+00, 0.0000000e+00
 235,    28,    16, 135.0808107,  50.4680255, -0.8336385, -0.1127963,  46.8130467,  18.8563054, 2.914325, 3.235526,  1.0000000,   3.8461619, 312.2300246, -50.0399777, 0.0000000e+00, 0.0000000e+00, 0.0000000e+00, 0.0000000e+00
 260,    58,    26, 103.6184781,  50.4680255, -0.8732503, -0.0871270,  46.8130467,  18.8563054, 3.028346, 3.375338,  1.0000000,   3.8461619, 284.0007434, -35.7895822, 0.0000000e+00, 0.0000000e+00, 0.0000000e+00, 0.0000000e+00
 261,    58,    46, 101.4160078,  50.4680255, -0.9678636, -0.0098569,  46.8130467,  18.8563054, 3.307963, 3.722753,  1.0000000,   3.8461619, 286.9050324, -16.0015611, 0.0000000e+00, 0.0000000e+00, 0.0000000e+00, 0.0000000e+00
 84,   107,    42,  52.1537743,  50.4680255, -0.9476537, -0.0123612,  46.8130467,  18.8563054, 3.374546, 3.645140,  1.0000000,   3.8461619, 237.3183518, -12.7937868, 1.5491711e-01, 2.0024799e-01, 2.5722101e-01, 4.0508097e-01
 280,    88,    36,  72.2947838,  50.4680255, -0.9201023, -0.0473531,  46.8130467,  18.8563054, 3.208706, 3.543546,  1.0000000,   3.8461619, 255.7704249, -21.5390520, 0.0000000e+00, 0.0000000e+00, 0.0000000e+00, 0.0000000e+00
 284,    87,    76,  76.9601321,  50.1743970, -0.9343257,  0.1598599,  46.8119294,  18.8563054, 3.255064, 3.645765,  1.0000000,   3.8461381, 261.5797484, 18.0372990, 0.0000000e+00, 0.0000000e+00, 0.0000000e+00, 0.0000000e+00
 285,    87,    86,  81.2119881,  49.9029426, -0.8735574,  0.1990956,  46.8108569,  18.8563054, 3.076357, 3.445960,  1.0000000,   3.8461152, 263.0326392, 27.9313066, 0.0000000e+00, 0.0000000e+00, 0.0000000e+00, 0.0000000e+00
 282,    87,    56,  71.9375903,  50.4680255, -0.9848378,  0.0554793,  46.8130467,  18.8563054, 3.434606, 3.793851,  1.0000000,   3.8461619, 258.6751480, -1.7508810, 0.0000000e+00, 0.0000000e+00, 0.0000000e+00, 0.0000000e+00
 283,    87,    66,  73.8186495,  50.4559999, -0.9730340,  0.1104900,  46.8130017,  18.8563054, 3.366767, 3.766496,  1.0000000,   3.8461610, 260.1269834,  8.1436302, 0.0000000e+00, 0.0000000e+00, 0.0000000e+00, 0.0000000e+00
 299,   107,    56,  52.1419625,  50.4680255, -0.9787964,  0.0700151,  46.8130467,  18.8563054, 3.499322, 3.774229,  1.0000000,   3.8461619, 238.8874006,  1.1541142, 1.6434833e-01, 2.1243712e-01, 2.7287503e-01, 4.3716958e-01
 286,    87,    96,  86.4088686,  49.6418077, -0.7967239,  0.2255282,  46.8097845,  18.8563054, 2.869900, 3.184676,  1.0000000,   3.8460923, 264.4838238, 37.8254937, 0.0000000e+00, 0.0000000e+00, 0.0000000e+00, 0.0000000e+00
 295,   108,    16,  60.1813663,  50.4680255, -0.7048019, -0.0853997,  46.8130467,  18.8563054, 2.506728, 2.730609,  1.0000000,   3.8461619, 233.0778745, -38.4221036, 4.8895476e-02, 6.3209941e-02, 8.1205918e-02, 9.8921200e-02
 294,   108,     6,  65.9356428,  50.4680255, -0.5768778, -0.0705904,  46.8130467,  18.8563054, 2.200933, 1.897895,  0.8490505,   3.8461619, 231.6254705, -48.3156654, 6.5442256e-03, 8.4646734e-03, 1.0882443e-02, -5.7688804e-03
 252,    48,    36, 111.9780211,  50.4680255, -0.9314060, -0.0536415,  46.8130467,  18.8563054, 3.185716, 3.588274,  1.0000000,   3.8461619, 295.3466713, -27.3476310, 0.0000000e+00, 0.0000000e+00, 0.0000000e+00, 0.0000000e+00
 251,    48,    26, 113.4228797,  50.4680255, -0.8795018, -0.0875462,  46.8130467,  18.8563054, 3.039917, 3.399424,  1.0000000,   3.8461619, 293.8940563, -37.2414122, 0.0000000e+00, 0.0000000e+00, 0.0000000e+00, 0.0000000e+00
 250,    48,    16, 115.7180220,  50.4680255, -0.8144867, -0.1122489,  46.8130467,  18.8563054, 2.868762, 3.162257,  1.0000000,   3.8461619, 292.4423650, -47.1357166, 0.0000000e+00, 0.0000000e+00, 0.0000000e+00, 0.0000000e+00
 253,    48,    46, 111.4152401,  50.4680255, -0.9678256, -0.0126805,  46.8130467,  18.8563054, 3.290419, 3.722733,  1.0000000,   3.8461619, 296.7991411, -17.4535318, 0.0000000e+00, 0.0000000e+00, 0.0000000e+00, 0.0000000e+00
 214,   178,    16,  28.2615584,  30.4215661, -0.2252572,  0.3919331,  23.8728178,  18.8563054, 1.291165, 0.426941,  0.2976758,   3.1727405, 163.8203669, -28.2571617, -1.3026937e-01, -1.6831296e-01, -2.1607140e-01, -6.5170375e-01
 90,    99,    11,  70.0035023,  50.4680255, -0.6670319, -0.0928327,  46.8130467,  18.8563054, 2.439101, 2.573129,  0.9933944,   3.8461619, 240.5468947, -44.8026326, 0.0000000e+00, 0.0000000e+00, 0.0000000e+00, 0.0000000e+00
 350,   178,    26,  18.3691684,  31.5739352, -0.4618964,  0.2171896,  25.3249508,  18.8563054, 1.553140, 0.752931,  0.4564486,   3.2317901, 165.2724999, -18.3624032, -9.0694154e-02, -1.1716510e-01, -1.5038437e-01, -5.1671120e-01
 208,   137,    96,  53.1282668,  49.4339220, -0.4709366,  0.1317579,  46.8088983,  18.8563054, 1.902810, 1.257077,  0.6683696,   3.8460733, 215.0147114, 45.0870341, -1.6585427e-02, -2.1407247e-02, -2.7444171e-02, -1.7318532e-01
 339,   157,   106,  58.5955479,  49.1145055, -0.1203769, -0.1317120,  46.8074715,  18.8563054, 1.303371, 0.234665,  0.3050732,   3.8460428, 196.6788452, 57.8848941, -5.8395234e-02, -7.5452262e-02, -9.6867521e-02, -2.7801213e-01
 321,   138,    46,  21.4514120,  50.4680255, -0.9528298,  0.0288353,  46.8130467,  18.8563054, 3.658185, 3.666415,  1.0000000,   3.8461619, 207.7533108, -4.3841187, 2.6300283e-01, 3.3996058e-01, 4.3668271e-01, 6.8976263e-01
 205,   138,    36,  24.2054236,  50.4680255, -0.8806168, -0.0222357,  46.8130467,  18.8563054, 3.073909, 3.388075,  1.0000000,   3.8461619, 206.3003774, -14.2776389, 2.2921225e-01, 2.9628890e-01, 3.8059702e-01, 5.7450167e-01
 320,   138,    26,  30.1934761,  50.4680255, -0.7466121, -0.0401456,  46.8130467,  18.8563054, 2.417087, 2.818377,  0.9800530,   3.8461619, 204.8479996, -24.1711259, 1.6005097e-01, 2.0690335e-01, 2.6580297e-01, 3.3858992e-01
 298,   108,    46,  51.4242389,  50.4680255, -0.9648667,  0.0101515,  46.8130467,  18.8563054, 3.454699, 3.711239,  1.0000000,   3.8461619, 237.4341738, -8.7402716, 1.6621864e-01, 2.1485554e-01, 2.7598296e-01, 4.3858861e-01
 264,    57,   106, 117.1456261,  49.5141308, -0.8208702,  0.2351756,  46.8092439,  18.8563054, 2.969040, 3.284147,  1.0000000,   3.8460807, 295.6180188, 43.3622136, 0.0000000e+00, 0.0000000e+00, 0.0000000e+00, 0.0000000e+00
 242,    27,    86, 136.9884624,  50.1720795, -0.9621685,  0.1494117,  46.8119204,  18.8563054, 3.262069, 3.744985,  1.0000000,   3.8461379, 322.3958004, 19.2179138, 0.0000000e+00, 0.0000000e+00, 0.0000000e+00, 0.0000000e+00
 241,    27,    76, 134.5074836,  50.4536100, -0.9834648,  0.1094476,  46.8129928,  18.8563054, 3.279851, 3.805915,  1.0000000,   3.8461608, 320.9436133,  9.3238374, 0.0000000e+00, 0.0000000e+00, 0.0000000e+00, 0.0000000e+00
 244,    27,   106, 143.9081076,  49.6396754, -0.8869384,  0.2156600,  46.8097756,  18.8563054, 3.130096, 3.510639,  1.0000000,   3.8460921, 325.3005110, 39.0056491, 0.0000000e+00, 0.0000000e+00, 0.0000000e+00, 0.0000000e+00
 243,    27,    96, 140.1363302,  49.9007115, -0.9294190,  0.1852349,  46.8108480,  18.8563054, 3.209769, 3.644956,  1.0000000,   3.8461150, 323.8478119, 29.1118839, 0.0000000e+00, 0.0000000e+00, 0.0000000e+00, 0.0000000e+00
 134,    72,    30,  88.9959076,  50.4680255, -0.8897098, -0.0733105,  46.8130467,  18.8563054, 3.087026, 3.433565,  1.0000000,   3.8461619, 270.6044629, -29.8367061, 0.0000000e+00, 0.0000000e+00, 0.0000000e+00, 0.0000000e+00
 135,    67,    33,  93.4511208,  50.4680255, -0.9115251, -0.0624660,  46.8130467,  18.8563054, 3.149129, 3.514096,  1.0000000,   3.8461619, 276.0942357, -27.4292592, 0.0000000e+00, 0.0000000e+00, 0.0000000e+00, 0.0000000e+00
 138,    57,    39, 101.9570486,  50.4680255, -0.9427304, -0.0405261,  46.8130467,  18.8563054, 3.232006, 3.629243,  1.0000000,   3.8461619, 286.0939873, -22.9753914, 0.0000000e+00, 0.0000000e+00, 0.0000000e+00, 0.0000000e+00
 139,    54,    41, 104.9053638,  50.4680255, -0.9488359, -0.0351754,  46.8130467,  18.8563054, 3.245673, 3.651883,  1.0000000,   3.8461619, 289.3275993, -22.0203690, 0.0000000e+00, 0.0000000e+00, 0.0000000e+00, 0.0000000e+00
 136,    63,    35,  96.2780679,  50.4680255, -0.9240017, -0.0547219,  46.8130467,  18.8563054, 3.183596, 3.560087,  1.0000000,   3.8461619, 279.5188392, -25.7900397, 0.0000000e+00, 0.0000000e+00, 0.0000000e+00, 0.0000000e+00
 137,    60,    38,  98.9635611,  50.4680255, -0.9346937, -0.0469647,  46.8130467,  18.8563054, 3.212274, 3.599519,  1.0000000,   3.8461619, 282.7205476, -24.1914363, 0.0000000e+00, 0.0000000e+00, 0.0000000e+00, 0.0000000e+00
 226,     7,    86, 156.2771235,  50.2640247, -0.9741230,  0.1339538,  46.8122749,  18.8563054, 3.261800, 3.781877,  1.0000000,   3.8461455, 342.1841172, 16.3132902, 0.0000000e+00, 0.0000000e+00, 0.0000000e+00, 0.0000000e+00
 198,    97,    96,  78.3439780,  49.5996664, -0.7548505,  0.2253450,  46.8096073,  18.8563054, 2.741412, 3.029829,  1.0000000,   3.8460885, 254.5901605, 39.2773454, 0.0000000e+00, 0.0000000e+00, 0.0000000e+00, 0.0000000e+00
 293,    97,   106,  84.8976247,  49.3507790, -0.6579431,  0.2305440,  46.8085349,  18.8563054, 2.518382, 2.681344,  1.0000000,   3.8460656, 256.0421348, 49.1711488, 0.0000000e+00, 0.0000000e+00, 0.0000000e+00, 0.0000000e+00
 177,    18,    36, 141.8571894,  50.4680255, -0.9362432, -0.0560849,  46.8130467,  18.8563054, 3.169099, 3.607398,  1.0000000,   3.8461619, 325.0286822, -31.7041004, 0.0000000e+00, 0.0000000e+00, 0.0000000e+00, 0.0000000e+00
 89,   116,    72,  49.2908972,  50.1785252, -0.9044692,  0.1600867,  46.8119454,  18.8563054, 3.183359, 3.532783,  1.0000000,   3.8461384, 232.8926942, 17.3721549, 1.7035299e-01, 2.2020242e-01, 2.8285583e-01, 4.3794608e-01
 362,   187,    76,  32.5004153,  28.2503775, -0.1083328, -0.4504051,  22.6921817,  18.8563054, 1.141379, 0.299229,  0.2068962,   3.1220204, 162.6397308, 32.5598908, -1.4577358e-01, -1.8835094e-01, -2.4180532e-01, -7.0458919e-01
 361,   187,    66,  22.6365134,  27.5809498, -0.2843781, -0.3247751,  21.2399777,  18.8563054, 1.286912, 0.389285,  0.2950981,   3.0558851, 161.1875268, 22.6661640, -1.3484077e-01, -1.7422115e-01, -2.2365903e-01, -6.6729699e-01
 364,   187,    96,  52.2290568,  29.8167674,  0.0703528, -0.6196022,  25.5969553,  18.8563054, 1.015584, 0.264182,  0.1306570,   3.2424734, 165.5445044, 52.3481846, -8.8871459e-02, -1.1482979e-01, -1.4742020e-01, -4.2597075e-01
 363,   187,    86,  42.3652555,  28.9972341,  0.0027313, -0.5474356,  24.1441111,  18.8563054, 1.063215, 0.278063,  0.1595240,   3.1840405, 164.0916602, 42.4545587, -1.3664752e-01, -1.7656017e-01, -2.2666969e-01, -6.5711200e-01
 365,   187,   106,  62.0934428,  30.7020345,  0.1119106, -0.6733403,  27.0493665,  18.8563054, 0.983981, 0.250984,  0.1115034,   3.2976636, 166.9969156, 62.2423969, -3.9962519e-02, -5.1635251e-02, -6.6290348e-02, -1.9096115e-01
 268,    67,    56,  91.8223998,  50.4680255, -0.9869546,  0.0430596,  46.8130467,  18.8563054, 3.382614, 3.799598,  1.0000000,   3.8461619, 278.4635614, -4.6551809, 0.0000000e+00, 0.0000000e+00, 0.0000000e+00, 0.0000000e+00
 342,   168,    36,   9.9330469,  41.2353572, -0.7913418,  0.0378347,  36.6714389,  18.8563054, 2.228584, 2.470730,  0.8658087,   3.6019982, 176.6189880, -9.9205305, 1.1784667e-01, 1.5235760e-01, 1.9575218e-01, 1.9462947e-01
 267,    68,    46,  91.4167835,  50.4680255, -0.9677951, -0.0067130,  46.8130467,  18.8563054, 3.328238, 3.722386,  1.0000000,   3.8461619, 277.0108457, -14.5489588, 0.0000000e+00, 0.0000000e+00, 0.0000000e+00, 0.0000000e+00
 266,    68,    36,  92.1027179,  50.4680255, -0.9267401, -0.0511284,  46.8130467,  18.8563054, 3.197894, 3.569813,  1.0000000,   3.8461619, 275.5591858, -24.4432519, 0.0000000e+00, 0.0000000e+00, 0.0000000e+00, 0.0000000e+00
 265,    68,    26,  93.8543081,  50.4680255, -0.8659807, -0.0863401,  46.8130467,  18.8563054, 3.012827, 3.347215,  1.0000000,   3.8461619, 274.1068554, -34.3367671, 0.0000000e+00, 0.0000000e+00, 0.0000000e+00, 0.0000000e+00
 341,   168,    26,  19.8206664,  39.9486174, -0.5713901,  0.1007966,  35.2183444,  18.8563054, 1.643369, 1.056238,  0.5111327,   3.5615671, 175.1658935, -19.8143969, -5.3872672e-02, -6.9576213e-02, -8.9267986e-02, -3.9111173e-01
 340,   168,    16,  29.7128899,  38.6753487, -0.3365932,  0.2264249,  33.7671784,  18.8563054, 1.370775, 0.493887,  0.3459244,   3.5194893, 173.7147275, -29.7087081, -1.2214217e-01, -1.5780920e-01, -2.0258186e-01, -6.2398157e-01
 269,    67,    66,  93.3039256,  50.4680255, -0.9837515,  0.0939597,  46.8130467,  18.8563054, 3.354252, 3.800887,  1.0000000,   3.8461619, 279.9160101,  5.2385896, 0.0000000e+00, 0.0000000e+00, 0.0000000e+00, 0.0000000e+00
 200,   118,    36,  42.9207010,  50.4680255, -0.9029032, -0.0368055,  46.8130467,  18.8563054, 3.197896, 3.475596,  1.0000000,   3.8461619, 226.0889696, -17.1818827, 2.1648757e-01, 2.7983838e-01, 3.5946197e-01, 5.5128423e-01
 289,    98,    26,  64.9938825,  50.4680255, -0.8349807, -0.0798564,  46.8130467,  18.8563054, 2.920728, 3.226125,  1.0000000,   3.8461619, 244.4247635, -29.9799939, 3.4967991e-02, 4.5201736e-02, 5.8064983e-02, 8.4676528e-02
 306,   118,    46,  41.4299526,  50.4680255, -0.9625994,  0.0157677,  46.8130467,  18.8563054, 3.506041, 3.702810,  1.0000000,   3.8461619, 227.5414842, -7.2877717, 2.5467447e-01, 3.2919444e-01, 4.2285212e-01, 6.7123762e-01
 194,    98,    16,  68.9200679,  50.4680255, -0.7319247, -0.0953451,  46.8130467,  18.8563054, 2.610640, 2.838886,  1.0000000,   3.8461619, 242.9723607, -39.8743620, 5.8510983e-03, 7.5638866e-03, 9.7170662e-03, 1.2494187e-02
 199,   118,    16,  51.9005603,  50.4680255, -0.6716729, -0.0706466,  46.8130467,  18.8563054, 2.369870, 2.471464,  0.9514365,   3.8461619, 223.1840922, -36.9695629, 7.1152344e-02, 9.1989002e-02, 1.1818932e-01, 1.1760605e-01
 288,    98,     6,  73.9979908,  50.4680255, -0.6158541, -0.0893117,  46.8130467,  18.8563054, 2.326059, 2.213667,  0.9248843,   3.8461619, 241.5197919, -49.7683091, 0.0000000e+00, 0.0000000e+00, 0.0000000e+00, 0.0000000e+00
 305,   118,    26,  46.5608502,  50.4680255, -0.8012474, -0.0679580,  46.8130467,  18.8563054, 2.770237, 3.092792,  1.0000000,   3.8461619, 224.6364225, -27.0755613, 1.5107697e-01, 1.9529423e-01, 2.5087510e-01, 3.5332569e-01
 222,     8,    46, 151.4122523,  50.4680255, -0.9671458, -0.0215685,  46.8130467,  18.8563054, 3.238846, 3.720724,  1.0000000,   3.8461619, 336.3743118, -23.2627955, 0.0000000e+00, 0.0000000e+00, 0.0000000e+00, 0.0000000e+00
 221,     8,    36, 151.8274282,  50.4680255, -0.9374729, -0.0566774,  46.8130467,  18.8563054, 3.164194, 3.612256,  1.0000000,   3.8461619, 334.9224900, -33.1567875, 0.0000000e+00, 0.0000000e+00, 0.0000000e+00, 0.0000000e+00
 220,     8,    26, 152.8971369,  50.4680255, -0.8975398, -0.0872841,  46.8130467,  18.8563054, 3.064269, 3.468369,  1.0000000,   3.8461619, 333.4707615, -43.0512863, 0.0000000e+00, 0.0000000e+00, 0.0000000e+00, 0.0000000e+00
 201,   117,    56,  42.3161724,  50.4680255, -0.9729193,  0.0778199,  46.8130467,  18.8563054, 3.533938, 3.753956,  1.0000000,   3.8461619, 228.9935005,  2.6060913, 2.5250447e-01, 3.2638840e-01, 4.1924592e-01, 6.6996092e-01
 87,   103,    21,  62.4481088,  50.4680255, -0.7666088, -0.0880610,  46.8130467,  18.8563054, 2.697555, 2.967891,  1.0000000,   3.8461619, 238.4937397, -34.9742709, 4.4858727e-02, 5.7988981e-02, 7.4494378e-02, 1.0081866e-01
 195,    98,    36,  62.4367818,  50.4680255, -0.9156435, -0.0447073,  46.8130467,  18.8563054, 3.211549, 3.525909,  1.0000000,   3.8461619, 245.8760206, -20.0865570, 6.2004602e-02, 8.0148702e-02, 1.0295320e-01, 1.5922560e-01
 49,   128,    28,  36.8697598,  50.4680255, -0.7943303, -0.0549482,  46.8130467,  18.8563054, 2.693981, 3.062424,  1.0000000,   3.8461619, 214.5393136, -24.2378534, 1.8967826e-01, 2.4519431e-01, 3.1497842e-01, 4.3964974e-01
 287,    87,   106,  92.3936592,  49.3911759, -0.7099616,  0.2382915,  46.8087121,  18.8563054, 2.663956, 2.880263,  1.0000000,   3.8460693, 265.9363476, 47.7191407, 0.0000000e+00, 0.0000000e+00, 0.0000000e+00, 0.0000000e+00
 277,    77,    86,  90.1320311,  49.9470857, -0.8975093,  0.1918104,  46.8110341,  18.8563054, 3.144128, 3.529879,  1.0000000,   3.8461189, 272.9257519, 26.4795178, 0.0000000e+00, 0.0000000e+00, 0.0000000e+00, 0.0000000e+00
 275,    78,    46,  81.4184507,  50.4680255, -0.9675630, -0.0032055,  46.8130467,  18.8563054, 3.351911, 3.721424,  1.0000000,   3.8461619, 267.1171565, -13.0972811, 0.0000000e+00, 0.0000000e+00, 0.0000000e+00, 0.0000000e+00
 191,    77,    56,  81.8723529,  50.4680255, -0.9862141,  0.0489994,  46.8130467,  18.8563054, 3.407041, 3.797818,  1.0000000,   3.8461619, 268.5687494, -3.2030753, 0.0000000e+00, 0.0000000e+00, 0.0000000e+00, 0.0000000e+00
 276,    77,    66,  83.5307432,  50.4680255, -0.9792647,  0.1019929,  46.8130467,  18.8563054, 3.361342, 3.786784,  1.0000000,   3.8461619, 270.0214640,  6.6906193, 0.0000000e+00, 0.0000000e+00, 0.0000000e+00, 0.0000000e+00
 192,    77,    76,  86.3196939,  50.2202303, -0.9485081,  0.1509084,  46.8121065,  18.8563054, 3.281551, 3.693981,  1.0000000,   3.8461419, 271.4731254, 16.5855028, 0.0000000e+00, 0.0000000e+00, 0.0000000e+00, 0.0000000e+00
 47,    97,     2,  76.5442113,  50.4680255, -0.5688487, -0.0815612,  46.8130467,  18.8563054, 2.226949, 1.911471,  0.8648178,   3.8461619, 241.2228477, -53.7831843, 0.0000000e+00, 0.0000000e+00, 0.0000000e+00, -0.0000000e+00
 355,   188,     6,  36.7007282,  22.6377819, -0.0177257,  0.7340298,  12.5263288,  18.8563054, 1.107598, 0.401996,  0.1864231,   2.9368474, 152.4738779, -36.6973426, -1.3329772e-01, -1.7222687e-01, -2.2109786e-01, -6.6203356e-01
 249,    37,   106, 134.8367387,  49.5975299, -0.8684964,  0.2229233,  46.8095983,  18.8563054, 3.088229, 3.448594,  1.0000000,   3.8460883, 315.4069726, 40.4582294, 0.0000000e+00, 0.0000000e+00, 0.0000000e+00, 0.0000000e+00
 185,    37,    96, 130.8039836,  49.8568388, -0.9163898,  0.1934623,  46.8106707,  18.8563054, 3.185802, 3.602223,  1.0000000,   3.8461112, 313.9538154, 30.5646201, 0.0000000e+00, 0.0000000e+00, 0.0000000e+00, 0.0000000e+00
 248,    37,    86, 127.4259414,  50.1265366, -0.9540956,  0.1576747,  46.8117432,  18.8563054, 3.255939, 3.719353,  1.0000000,   3.8461341, 312.5014029, 20.6697246, 0.0000000e+00, 0.0000000e+00, 0.0000000e+00, 0.0000000e+00
 184,    37,    76, 124.7556257,  50.4063849, -0.9794913,  0.1169071,  46.8128155,  18.8563054, 3.289033, 3.794016,  1.0000000,   3.8461570, 311.0490466, 10.7761720, 0.0000000e+00, 0.0000000e+00, 0.0000000e+00, 0.0000000e+00
 247,    37,    66, 122.8414308,  50.4680255, -0.9908598,  0.0729797,  46.8130467,  18.8563054, 3.324395, 3.821330,  1.0000000,   3.8461619, 309.5978485,  0.8820275, 0.0000000e+00, 0.0000000e+00, 0.0000000e+00, 0.0000000e+00
 314,   127,    56,  32.5962351,  50.4680255, -0.9636755,  0.0854593,  46.8130467,  18.8563054, 3.561714, 3.720998,  1.0000000,   3.8461619, 219.0993365,  4.0585586, 2.6962911e-01, 3.4852452e-01, 4.4768102e-01, 7.1236511e-01
 91,    99,     8,  71.3779935,  50.4680255, -0.6358532, -0.0900034,  46.8130467,  18.8563054, 2.365322, 2.343214,  0.9486803,   3.8461619, 240.1471408, -47.3755873, 0.0000000e+00, 0.0000000e+00, 0.0000000e+00, 0.0000000e+00
 44,   105,    36,  54.8388513,  50.4680255, -0.9109505, -0.0424341,  46.8130467,  18.8563054, 3.208763, 3.507463,  1.0000000,   3.8461619, 238.1909894, -19.0253971, 1.2316208e-01, 1.5920261e-01, 2.0450050e-01, 3.1532170e-01
 311,   128,    26,  37.9449466,  50.4680255, -0.7774708, -0.0570409,  46.8130467,  18.8563054, 2.632091, 2.998316,  1.0000000,   3.8461619, 214.7423299, -25.6240714, 1.8189552e-01, 2.3513573e-01, 3.0206061e-01, 4.1310252e-01
 310,   128,    16,  44.3348793,  50.4680255, -0.6307095, -0.0486607,  46.8130467,  18.8563054, 2.189984, 2.049611,  0.8424145,   3.8461619, 213.2902134, -35.5177760, 5.7081649e-02, 7.3816339e-02, 9.4872578e-02, 1.7318907e-02
 313,   128,    46,  31.4367982,  50.4680255, -0.9589086,  0.0220271,  46.8130467,  18.8563054, 3.571751, 3.689091,  1.0000000,   3.8461619, 217.6469697, -5.8357259, 2.6575563e-01, 3.4351835e-01, 4.4125180e-01, 6.9915251e-01
 312,   128,    36,  33.3770289,  50.4680255, -0.8934687, -0.0307261,  46.8130467,  18.8563054, 3.163395, 3.438457,  1.0000000,   3.8461619, 216.1943789, -15.7299071, 2.3532866e-01, 3.0419388e-01, 3.9074906e-01, 5.9536498e-01
 41,    24,     8, 140.4850194,  50.4680255, -0.7849430, -0.1274268,  46.8130467,  18.8563054, 2.798878, 3.058541,  1.0000000,   3.8461619, 314.4073845, -58.6693234, 0.0000000e+00, 0.0000000e+00, 0.0000000e+00, 0.0000000e+00