 ID     X      Y      Rrup         D           Rfn         Rfp          s            h          ctildepr    IDP          C          S            U            T         fD 2.00s        fD 3.00s        fD 5.00s        fD 10.00s    
 217,   177,    76,  31.0521991,  91.9320080, -0.7580222,  0.2005451,  90.4009036,  18.6249805, 1.878751, 2.213304,  0.6537886,   4.3174881, 172.5339031, 31.1072956, 8.6595093e-02, 1.1196738e-01, 1.4388074e-01, 8.8029144e-02
 216,   177,    56,  11.3248948,  89.3777871, -0.9393483,  0.1304001,  87.4960477,  18.6249805, 2.712139, 4.094517,  1.0000000,   4.3174881, 169.6290472, 11.3203431, 3.1497432e-01, 4.0712966e-01, 5.2294511e-01, 8.6703935e-01
 352,   177,    66,  21.1882978,  90.6489079, -0.8628785,  0.1761233,  88.9483697,  18.6249805, 2.189208, 3.201307,  0.8419441,   4.3174881, 171.0813692, 21.2135694, 2.0653869e-01, 2.6698509e-01, 3.4296339e-01, 4.9716129e-01
 215,   178,    36,   8.4825313,  86.6180487, -0.9559032,  0.0076400,  84.5919409,  18.6249805, 2.938588, 4.127233,  1.0000000,   4.3174881, 166.7249404, -8.4678712, 3.1894604e-01, 4.1226279e-01, 5.2953736e-01, 8.8058701e-01
 351,   178,    46,   1.5103902,  88.0369082, -0.9733920,  0.0702009,  86.0442172,  18.6249805, 3.758250, 4.213524,  1.0000000,   4.3174881, 168.1772167,  1.4257576, 3.2942180e-01, 4.2580189e-01, 5.4692506e-01, 9.1632023e-01
 257,    47,    86, 117.9367205, 106.0907717, -0.9654784,  0.1510800, 104.6261155,  18.6249805, 3.750294, 4.219168,  1.0000000,   4.3174881, 302.6076666, 22.1222821, 0.0000000e+00, 0.0000000e+00, 0.0000000e+00, 0.0000000e+00
 256,    47,    76, 115.0481218, 106.2212922, -0.9835706,  0.1163870, 104.6271879,  18.6249805, 3.833491, 4.276182,  1.0000000,   4.3174881, 301.1562858, 12.2283665, 0.0000000e+00, 0.0000000e+00, 0.0000000e+00, 0.0000000e+00
 347,   167,    86,  39.4684369, 103.0060654, -0.7041282,  0.2175864, 101.7474177,  18.6249805, 1.778502, 1.886969,  0.5930313,   4.3174881, 183.8804173, 39.5489811, 4.6978062e-02, 6.0765469e-02, 7.8124296e-02, -4.7106049e-02
 255,    47,    66, 112.9682610, 106.2724038, -0.9928004,  0.0797540, 104.6275963,  18.6249805, 3.878214, 4.300212,  1.0000000,   4.3174881, 299.7036402,  2.3341417, 0.0000000e+00, 0.0000000e+00, 0.0000000e+00, 0.0000000e+00
 254,    47,    56, 111.7472957, 106.2724038, -0.9925967,  0.0422935, 104.6275963,  18.6249805, 3.872372, 4.289413,  1.0000000,   4.3174881, 298.2507476, -7.5601347, 0.0000000e+00, 0.0000000e+00, 0.0000000e+00, 0.0000000e+00
 344,   167,    56,   9.8764363,  99.1053285, -0.9557553,  0.1222736,  97.3905026,  18.6249805, 2.901052, 4.160094,  1.0000000,   4.3174881, 179.5235021,  9.8675049, 3.2293543e-01, 4.1741878e-01, 5.3615898e-01, 8.9419500e-01
 343,   168,    46,   0.4992125,  97.7297604, -0.9787104,  0.0625254,  95.9386062,  18.6249805, 3.935113, 4.234185,  1.0000000,   4.3174881, 178.0716057, -0.0268157, 3.3193004e-01, 4.2904360e-01, 5.5108824e-01, 9.2487594e-01
 346,   167,    76,  29.6043621, 101.6954029, -0.8080050,  0.2042229, 100.2945976,  18.6249805, 2.001610, 2.620425,  0.7282487,   4.3174881, 182.4275971, 29.6550810, 1.3601956e-01, 1.7584464e-01, 2.2591558e-01, 2.5661788e-01
 258,    47,    96, 121.5777089, 105.9656299, -0.9393304,  0.1828725, 104.6250431,  18.6249805, 3.628731, 4.131689,  1.0000000,   4.3174881, 304.0602716, 32.0156098, 0.0000000e+00, 0.0000000e+00, 0.0000000e+00, 0.0000000e+00
 345,   167,    66,  19.7407577, 100.3947621, -0.8955635,  0.1716372,  98.8420260,  18.6249805, 2.339276, 3.672764,  0.9328944,   4.3174881, 180.9750255, 19.7616525, 2.6377355e-01, 3.4095667e-01, 4.3796194e-01, 6.9239156e-01
 88,   102,    16,  65.5523885, 106.2724038, -0.8688942, -0.0942412, 104.6275963,  18.6249805, 3.017508, 3.773441,  1.0000000,   4.3174881, 238.8568467, -39.7850196, 4.0917401e-02, 5.2889952e-02, 6.7937035e-02, 1.0883040e-01
 336,   158,    46,   1.9712118, 106.2724038, -0.9819817,  0.0551905, 104.6275963,  18.6249805, 3.901913, 4.246385,  1.0000000,   4.3174881, 187.9650782, -1.4786494, 3.3341116e-01, 4.3095783e-01, 5.5354661e-01, 9.2992810e-01
 210,   158,    36,  11.3835062, 106.0286166, -0.9603732, -0.0026210, 104.3799676,  18.6249805, 2.862491, 4.146415,  1.0000000,   4.3174881, 186.5129671, -11.3725863, 3.2127484e-01, 4.1527259e-01, 5.3340272e-01, 8.8853066e-01
 335,   158,    26,  21.2728674, 104.5986577, -0.9030864, -0.0513439, 102.9271067,  18.6249805, 2.329214, 3.619476,  0.9267966,   4.3174881, 185.0601062, -21.2670260, 2.5730433e-01, 3.3259572e-01, 4.2722433e-01, 6.7032483e-01
 209,   158,    16,  31.1647096, 103.1703775, -0.8154475, -0.0835036, 101.4753019,  18.6249805, 1.989765, 2.551934,  0.7210695,   4.3174881, 183.6083014, -31.1607225, 1.2770479e-01, 1.6509845e-01, 2.1211471e-01, 2.2825588e-01
 176,    18,    16, 144.8274252, 106.2724038, -0.9049459, -0.0898291, 104.6275963,  18.6249805, 3.409543, 3.926295,  1.0000000,   4.3174881, 322.1241591, -51.4921386, 0.0000000e+00, 0.0000000e+00, 0.0000000e+00, 0.0000000e+00
 229,    18,     6, 147.3111653, 106.2724038, -0.8664779, -0.1125374, 104.6275963,  18.6249805, 3.245818, 3.772429,  1.0000000,   4.3174881, 320.6714753, -61.3857252, 0.0000000e+00, 0.0000000e+00, 0.0000000e+00, 0.0000000e+00
 319,   127,   106,  66.4880358, 105.6958298, -0.7152564,  0.2505859, 104.6225528,  18.6249805, 2.397625, 3.168280,  0.9682574,   4.3174881, 226.3605291, 53.5277549, 2.3709169e-02, 3.0648099e-02, 3.9370093e-02, 5.6599348e-02
 230,    18,    26, 143.0007888, 106.2724038, -0.9372281, -0.0633850, 104.6275963,  18.6249805, 3.560085, 4.055715,  1.0000000,   4.3174881, 323.5762886, -41.5985974, 0.0000000e+00, 0.0000000e+00, 0.0000000e+00, 0.0000000e+00
 66,    21,    43, 137.9825165, 106.2724038, -0.9761507, -0.0116946, 104.6275963,  18.6249805, 3.761240, 4.214821,  1.0000000,   4.3174881, 322.5628126, -24.4271217, 0.0000000e+00, 0.0000000e+00, 0.0000000e+00, 0.0000000e+00
 300,   107,    66,  54.7072236, 106.2224053, -0.9765240,  0.1203224, 104.6271968,  18.6249805, 3.814750, 4.248014,  1.0000000,   4.3174881, 240.3390912, 11.0479847, 1.7006024e-01, 2.1981504e-01, 2.8234284e-01, 4.7438335e-01
 281,    88,    46,  71.4198370, 106.2724038, -0.9848561,  0.0181088, 104.6275963,  18.6249805, 3.843566, 4.252823,  1.0000000,   4.3174881, 257.2230372, -11.6442673, 0.0000000e+00, 0.0000000e+00, 0.0000000e+00, 0.0000000e+00
 296,   108,    26,  55.6420252, 106.2724038, -0.9234948, -0.0598069, 104.6275963,  18.6249805, 3.321051, 3.995530,  1.0000000,   4.3174881, 234.5303861, -28.5277690, 1.4499514e-01, 1.8741881e-01, 2.4073506e-01, 3.9534639e-01
 297,   108,    36,  52.6337149, 106.2724038, -0.9632365, -0.0191935, 104.6275963,  18.6249805, 3.645408, 4.159588,  1.0000000,   4.3174881, 235.9828412, -18.6341085, 1.8690404e-01, 2.4158779e-01, 3.1031059e-01, 5.1750680e-01
 231,    18,    46, 141.4126600, 106.2724038, -0.9809276, -0.0021119, 104.6275963,  18.6249805, 3.787033, 4.235153,  1.0000000,   4.3174881, 326.4803705, -21.8100085, 0.0000000e+00, 0.0000000e+00, 0.0000000e+00, 0.0000000e+00
 279,    88,    26,  74.5145691, 106.2724038, -0.9279689, -0.0612136, 104.6275963,  18.6249805, 3.425464, 4.015202,  1.0000000,   4.3174881, 254.3190654, -31.4328762, 0.0000000e+00, 0.0000000e+00, 0.0000000e+00, 0.0000000e+00
 178,    17,    56, 141.6753629, 106.2724038, -0.9916256,  0.0310920, 104.6275963,  18.6249805, 3.848277, 4.283436,  1.0000000,   4.3174881, 327.9330324, -11.9165048, 0.0000000e+00, 0.0000000e+00, 0.0000000e+00, 0.0000000e+00
 85,   110,    51,  49.3280184, 106.2724038, -0.9896766,  0.0493319, 104.6275963,  18.6249805, 3.921497, 4.278222,  1.0000000,   4.3174881, 235.9322187, -3.8931231, 2.3240555e-01, 3.0040044e-01, 3.8585063e-01, 6.4986630e-01
 232,    17,    66, 142.6394054, 106.2724038, -0.9947348,  0.0648634, 104.6275963,  18.6249805, 3.868705, 4.303876,  1.0000000,   4.3174881, 329.3847883, -2.0226668, 0.0000000e+00, 0.0000000e+00, 0.0000000e+00, 0.0000000e+00
 219,     8,    16, 154.6066173, 106.2724038, -0.9072726, -0.0893030, 104.6275963,  18.6249805, 3.428001, 3.936068,  1.0000000,   4.3174881, 332.0182094, -52.9450971, 0.0000000e+00, 0.0000000e+00, 0.0000000e+00, 0.0000000e+00
 179,    17,    76, 144.2929871, 106.2724038, -0.9903802,  0.0983505, 104.6275963,  18.6249805, 3.848214, 4.296987,  1.0000000,   4.3174881, 330.8378297,  7.8719951, 0.0000000e+00, 0.0000000e+00, 0.0000000e+00, 0.0000000e+00
 240,    27,    66, 132.7325096, 106.2724038, -0.9943198,  0.0695008, 104.6275963,  18.6249805, 3.872630, 4.303438,  1.0000000,   4.3174881, 319.4909426, -0.5706710, 0.0000000e+00, 0.0000000e+00, 0.0000000e+00, 0.0000000e+00
 239,    27,    56, 131.6963224, 106.2724038, -0.9920198,  0.0345660, 104.6275963,  18.6249805, 3.855829, 4.285633,  1.0000000,   4.3174881, 318.0395751, -10.4643410, 0.0000000e+00, 0.0000000e+00, 0.0000000e+00, 0.0000000e+00
 238,    28,    46, 131.4140810, 106.2724038, -0.9815039,  0.0001574, 104.6275963,  18.6249805, 3.793012, 4.237631,  1.0000000,   4.3174881, 316.5873184, -20.3576594, 0.0000000e+00, 0.0000000e+00, 0.0000000e+00, 0.0000000e+00
 237,    28,    36, 131.8914611, 106.2724038, -0.9628291, -0.0327549, 104.6275963,  18.6249805, 3.688437, 4.159408,  1.0000000,   4.3174881, 315.1347254, -30.2521381, 0.0000000e+00, 0.0000000e+00, 0.0000000e+00, 0.0000000e+00
 236,    28,    26, 133.1205592, 106.2724038, -0.9362898, -0.0632153, 104.6275963,  18.6249805, 3.550157, 4.051623,  1.0000000,   4.3174881, 313.6824655, -40.1456568, 0.0000000e+00, 0.0000000e+00, 0.0000000e+00, 0.0000000e+00
 158,    96,    41,  62.9590731, 106.2724038, -0.9766316,  0.0002754, 104.6275963,  18.6249805, 3.775597, 4.216596,  1.0000000,   4.3174881, 247.8696318, -15.1420644, 7.7402013e-02, 1.0004778e-01, 1.2850724e-01, 2.1535666e-01
 159,    98,    40,  61.1940919, 106.2724038, -0.9726504, -0.0067521, 104.6275963,  18.6249805, 3.740096, 4.199508,  1.0000000,   4.3174881, 245.6602447, -16.5921592, 9.6195804e-02, 1.2434023e-01, 1.5971005e-01, 2.6726403e-01
 160,   101,    38,  58.8310421, 106.2724038, -0.9692589, -0.0118521, 104.6275963,  18.6249805, 3.708574, 4.185077,  1.0000000,   4.3174881, 242.9119965, -17.5460313, 1.2135754e-01, 1.5686374e-01, 2.0148537e-01, 3.3675906e-01
 161,   103,    37,  56.7880157, 106.2724038, -0.9661912, -0.0160523, 104.6275963,  18.6249805, 3.678985, 4.172095,  1.0000000,   4.3174881, 240.5127051, -18.3123178, 1.4286221e-01, 1.8466024e-01, 2.3718908e-01, 3.9599157e-01
 128,    90,    39,  69.0593516, 106.2724038, -0.9702329, -0.0125716, 104.6275963,  18.6249805, 3.722993, 4.189321,  1.0000000,   4.3174881, 253.2662759, -18.5994642, 1.0236874e-02, 1.3231927e-02, 1.6995891e-02, 2.8416918e-02
 162,    76,    26,  85.8848064, 106.2724038, -0.9290501, -0.0626879, 104.6275963,  18.6249805, 3.458237, 4.020284,  1.0000000,   4.3174881, 265.8845264, -33.3969323, 0.0000000e+00, 0.0000000e+00, 0.0000000e+00, 0.0000000e+00
 163,    78,    28,  82.9778774, 106.2724038, -0.9373712, -0.0547978, 104.6275963,  18.6249805, 3.504938, 4.053998,  1.0000000,   4.3174881, 263.8085362, -30.8008851, 0.0000000e+00, 0.0000000e+00, 0.0000000e+00, 0.0000000e+00
 164,    81,    30,  79.7908997, 106.2724038, -0.9444418, -0.0473328, 104.6275963,  18.6249805, 3.545883, 4.082734,  1.0000000,   4.3174881, 261.3297743, -28.3862078, 0.0000000e+00, 0.0000000e+00, 0.0000000e+00, 0.0000000e+00
 165,    85,    34,  75.4718874, 106.2724038, -0.9575219, -0.0318439, 104.6275963,  18.6249805, 3.631047, 4.136375,  1.0000000,   4.3174881, 258.3458090, -23.9021870, 0.0000000e+00, 0.0000000e+00, 0.0000000e+00, 0.0000000e+00
 166,    87,    35,  72.4888597, 106.2724038, -0.9607735, -0.0270935, 104.6275963,  18.6249805, 3.651947, 4.149777,  1.0000000,   4.3174881, 255.6954027, -22.4138057, 0.0000000e+00, 0.0000000e+00, 0.0000000e+00, 0.0000000e+00
 150,    63,    52,  95.8787737, 106.2724038, -0.9902922,  0.0326370, 104.6275963,  18.6249805, 3.867603, 4.277896,  1.0000000,   4.3174881, 282.1748860, -9.4129678, 0.0000000e+00, 0.0000000e+00, 0.0000000e+00, 0.0000000e+00
 151,    68,    50,  90.6551289, 106.2724038, -0.9889275,  0.0277872, 104.6275963,  18.6249805, 3.861425, 4.271368,  1.0000000,   4.3174881, 276.8189255, -10.3730977, 0.0000000e+00, 0.0000000e+00, 0.0000000e+00, 0.0000000e+00
 149,    60,    54,  99.5346947, 106.2724038, -0.9914367,  0.0378377, 104.6275963,  18.6249805, 3.873257, 4.283632,  1.0000000,   4.3174881, 285.9510432, -8.2560345, 0.0000000e+00, 0.0000000e+00, 0.0000000e+00, 0.0000000e+00
 154,    82,    48,  76.5493427, 106.2724038, -0.9869584,  0.0236488, 104.6275963,  18.6249805, 3.857256, 4.262404,  1.0000000,   4.3174881, 262.5644590, -10.6455484, 0.0000000e+00, 0.0000000e+00, 0.0000000e+00, 0.0000000e+00
 155,    86,    46,  72.6086022, 106.2724038, -0.9849125,  0.0179925, 104.6275963,  18.6249805, 3.843170, 4.253057,  1.0000000,   4.3174881, 258.4120314, -11.7402045, 0.0000000e+00, 0.0000000e+00, 0.0000000e+00, 0.0000000e+00
 152,    74,    49,  84.8395561, 106.2724038, -0.9881533,  0.0260451, 104.6275963,  18.6249805, 3.860073, 4.267822,  1.0000000,   4.3174881, 270.9455532, -10.5068895, 0.0000000e+00, 0.0000000e+00, 0.0000000e+00, 0.0000000e+00
 153,    79,    49,  80.2352271, 106.2724038, -0.9876491,  0.0252350, 104.6275963,  18.6249805, 3.859841, 4.265555,  1.0000000,   4.3174881, 266.3088723, -10.4649357, 0.0000000e+00, 0.0000000e+00, 0.0000000e+00, 0.0000000e+00
 156,    90,    44,  69.1530197, 106.2724038, -0.9819337,  0.0106636, 104.6275963,  18.6249805, 3.819963, 4.239737,  1.0000000,   4.3174881, 254.6378042, -13.2127296, 9.3903025e-03, 1.2137643e-02, 1.5590281e-02, 2.6176632e-02
 157,    93,    43,  65.7073317, 106.2724038, -0.9798776,  0.0065514, 104.6275963,  18.6249805, 3.803645, 4.230705,  1.0000000,   4.3174881, 250.9747465, -13.9193317, 4.7435062e-02, 6.1313260e-02, 7.8754289e-02, 1.3213330e-01
 193,    77,    96,  94.8434792, 105.9055714, -0.9052434,  0.2061371, 104.6245114,  18.6249805, 3.426853, 4.008429,  1.0000000,   4.3174881, 274.3785785, 36.3727463, 0.0000000e+00, 0.0000000e+00, 0.0000000e+00, 0.0000000e+00
 278,    77,   106, 100.3267629, 105.7884899, -0.8596245,  0.2323731, 104.6234390,  18.6249805, 3.221858, 3.844629,  1.0000000,   4.3174881, 275.8302521, 46.2667948, 0.0000000e+00, 0.0000000e+00, 0.0000000e+00, 0.0000000e+00
 228,     7,   106, 162.3790575, 105.9244232, -0.9439728,  0.1825687, 104.6246796,  18.6249805, 3.668930, 4.151116,  1.0000000,   4.3174881, 345.0884564, 36.1017231, 0.0000000e+00, 0.0000000e+00, 0.0000000e+00, 0.0000000e+00
 43,    77,    46,  81.5000415, 106.2724038, -0.9842486,  0.0141345, 104.6275963,  18.6249805, 3.831872, 4.249920,  1.0000000,   4.3174881, 267.1857397, -13.1834930, 0.0000000e+00, 0.0000000e+00, 0.0000000e+00, 0.0000000e+00
 356,   188,    16,  26.8083098,  74.1697575, -0.7468351, -0.0551537,  71.7931963,  18.6249805, 1.852004, 2.040574,  0.6375780,   4.2737897, 153.9261958, -26.8036748, 6.5625633e-02, 8.4865995e-02, 1.0907558e-01, 1.6501520e-02
 309,   117,   106,  71.7611471, 105.7140687, -0.7537771,  0.2509477, 104.6227301,  18.6249805, 2.606215, 3.430039,  1.0000000,   4.3174881, 236.2545277, 52.0752720, 0.0000000e+00, 0.0000000e+00, 0.0000000e+00, 0.0000000e+00
 357,   188,    26,  16.9171155,  75.5761405, -0.8745533, -0.0358164,  73.2452259,  18.6249805, 2.255527, 3.315352,  0.8821377,   4.2938131, 155.3782254, -16.9097695, 2.2038379e-01, 2.8487880e-01, 3.6594352e-01, 5.4438746e-01
 358,   188,    36,   7.0340925,  76.9842764, -0.9516567,  0.0138929,  74.6973153,  18.6249805, 2.994451, 4.105356,  1.0000000,   4.3134442, 156.8303148, -7.0164067, 3.1629016e-01, 4.0883028e-01, 5.2512913e-01, 8.7152771e-01
 359,   188,    46,   2.9213490,  78.3948476, -0.9648068,  0.0777570,  76.1502609,  18.6249805, 3.499660, 4.179048,  1.0000000,   4.3174881, 158.2832604,  2.8785041, 3.2523646e-01, 4.2039267e-01, 5.3997822e-01, 9.0204388e-01
 360,   187,    56,  12.7716966,  79.6922543, -0.9155944,  0.1364547,  77.6023229,  18.6249805, 2.515710, 3.996728,  1.0000000,   4.3174881, 159.7353224, 12.7715195, 3.0310278e-01, 3.9178663e-01, 5.0324070e-01, 8.2654508e-01
 307,   117,    66,  45.4388124, 106.2004595, -0.9703473,  0.1287121, 104.6270196,  18.6249805, 3.759531, 4.226159,  1.0000000,   4.3174881, 230.4453288, 12.5000303, 2.7095546e-01, 3.5022966e-01, 4.4985530e-01, 7.5448059e-01
 202,   117,    76,  50.3754940, 106.0707752, -0.9350760,  0.1716757, 104.6259472,  18.6249805, 3.472694, 4.104657,  1.0000000,   4.3174881, 231.8972801, 22.3943685, 2.0684577e-01, 2.6736468e-01, 3.4342121e-01, 5.6992073e-01
 308,   117,    86,  56.6529297, 105.9464702, -0.8849519,  0.2072625, 104.6248748,  18.6249805, 3.154817, 3.924161,  1.0000000,   4.3174881, 233.3497016, 32.2883298, 1.3093173e-01, 1.6924126e-01, 2.1738752e-01, 3.5436258e-01
 203,   117,    96,  63.8763923, 105.8275616, -0.8233572,  0.2339161, 104.6238024,  18.6249805, 2.859878, 3.695512,  1.0000000,   4.3174881, 234.8018294, 42.1820000, 5.4405224e-02, 7.0324701e-02, 9.0332535e-02, 1.4325395e-01
 213,   157,    96,  48.6284114, 105.7519207, -0.6574787,  0.2289928, 104.6230934,  18.6249805, 1.853892, 1.919936,  0.6387222,   4.3174881, 195.2267463, 47.9909622, 3.6317658e-02, 4.6973350e-02, 6.0386990e-02, -2.3832391e-02
 338,   157,    86,  38.6631583, 105.8672560, -0.7567155,  0.2237015, 104.6241658,  18.6249805, 2.037632, 2.555433,  0.7500802,   4.3174881, 193.7747248, 38.0971299, 1.2812961e-01, 1.6564749e-01, 2.1281982e-01, 2.2970495e-01
 212,   157,    76,  28.7012007, 105.9879976, -0.8468879,  0.2020308, 104.6252382,  18.6249805, 2.293955, 3.403530,  0.9054275,   4.3174881, 192.3216531, 28.2031755, 2.3108856e-01, 2.9871388e-01, 3.8371133e-01, 5.8090184e-01
 337,   157,    66,  18.7487718, 106.1141259, -0.9198523,  0.1643161, 104.6263106,  18.6249805, 2.671871, 4.034318,  1.0000000,   4.3174881, 190.8693703, 18.3092423, 3.0766617e-01, 3.9768445e-01, 5.1081502e-01, 8.4211097e-01
 211,   157,    56,   8.8368655, 106.2456305, -0.9672159,  0.1134641, 104.6273831,  18.6249805, 3.273557, 4.204579,  1.0000000,   4.3174881, 189.4173063,  8.4146743, 3.2833586e-01, 4.2439841e-01, 5.4512262e-01, 9.1261607e-01
 207,   137,    76,  35.7879001, 106.0290970, -0.9011633,  0.1889318, 104.6255927,  18.6249805, 3.046051, 3.975350,  1.0000000,   4.3174881, 212.1093890, 25.2984177, 3.0050754e-01, 3.8843248e-01, 4.9893311e-01, 8.1769261e-01
 322,   137,    66,  28.4280747, 106.1570065, -0.9518323,  0.1465853, 104.6266652,  18.6249805, 3.486790, 4.157972,  1.0000000,   4.3174881, 210.6574860, 15.4041368, 3.2267780e-01, 4.1708581e-01, 5.3573136e-01, 8.9331620e-01
 189,    57,    96, 112.4834994, 105.9454604, -0.9297229,  0.1905167, 104.6248659,  18.6249805, 3.575435, 4.097479,  1.0000000,   4.3174881, 294.1662215, 33.4682017, 0.0000000e+00, 0.0000000e+00, 0.0000000e+00, 0.0000000e+00
 227,     7,    96, 159.0447550, 106.0477497, -0.9658865,  0.1546644, 104.6257520,  18.6249805, 3.755160, 4.223329,  1.0000000,   4.3174881, 343.6359593, 26.2076245, 0.0000000e+00, 0.0000000e+00, 0.0000000e+00, 0.0000000e+00
 323,   137,    86,  44.1844921, 105.9065686, -0.8338594,  0.2203618, 104.6245203,  18.6249805, 2.678335, 3.723770,  1.0000000,   4.3174881, 213.5620520, 35.1926877, 2.3231004e-01, 3.0028557e-01, 3.8571781e-01, 6.1399015e-01
 225,     7,    76, 154.1057459, 106.2724038, -0.9918366,  0.0930171, 104.6275963,  18.6249805, 3.850760, 4.301033,  1.0000000,   4.3174881, 340.7317667,  6.4195763, 0.0000000e+00, 0.0000000e+00, 0.0000000e+00, 0.0000000e+00
 262,    57,    66, 103.1194881, 106.2724038, -0.9915776,  0.0854263, 104.6275963,  18.6249805, 3.878972, 4.296983,  1.0000000,   4.3174881, 289.8093175,  3.7869895, 0.0000000e+00, 0.0000000e+00, 0.0000000e+00, 0.0000000e+00
 324,   137,   106,  62.3835428, 105.6777333, -0.6701527,  0.2463402, 104.6223755,  18.6249805, 2.173527, 2.566133,  0.8324404,   4.3174881, 216.4668981, 54.9807790, 3.2859561e-02, 4.2481105e-02, 5.4578458e-02, 5.9442794e-02
 187,    57,    56, 101.7815109, 106.2724038, -0.9927292,  0.0466032, 104.6275963,  18.6249805, 3.881348, 4.290817,  1.0000000,   4.3174881, 288.3574659, -6.1076550, 0.0000000e+00, 0.0000000e+00, 0.0000000e+00, 0.0000000e+00
 223,     7,    56, 151.6576132, 106.2724038, -0.9911855,  0.0278480, 104.6275963,  18.6249805, 3.841184, 4.281120,  1.0000000,   4.3174881, 337.8270430, -13.3683088, 0.0000000e+00, 0.0000000e+00, 0.0000000e+00, 0.0000000e+00
 263,    57,    86, 108.5393225, 106.0697223, -0.9592345,  0.1585272, 104.6259383,  18.6249805, 3.717985, 4.197659,  1.0000000,   4.3174881, 292.7143495, 23.5741216, 0.0000000e+00, 0.0000000e+00, 0.0000000e+00, 0.0000000e+00
 224,     7,    66, 152.5595058, 106.2724038, -0.9949787,  0.0605164, 104.6275963,  18.6249805, 3.864392, 4.303747,  1.0000000,   4.3174881, 339.2797121, -3.4746879, 0.0000000e+00, 0.0000000e+00, 0.0000000e+00, 0.0000000e+00
 188,    57,    76, 105.3929076, 106.1993581, -0.9801776,  0.1231456, 104.6270107,  18.6249805, 3.821494, 4.265174,  1.0000000,   4.3174881, 291.2615375, 13.6800747, 0.0000000e+00, 0.0000000e+00, 0.0000000e+00, 0.0000000e+00
 86,   113,    60,  47.8492928, 106.2724038, -0.9847146,  0.0973198, 104.6275963,  18.6249805, 3.887762, 4.272206,  1.0000000,   4.3174881, 234.2294914,  6.0008565, 2.4849093e-01, 3.2119200e-01, 4.1255658e-01, 6.9451369e-01
 190,    78,    36,  82.1871028, 106.2724038, -0.9633047, -0.0254799, 104.6275963,  18.6249805, 3.677644, 4.160511,  1.0000000,   4.3174881, 265.6649616, -22.9907030, 0.0000000e+00, 0.0000000e+00, 0.0000000e+00, 0.0000000e+00
 274,    78,    26,  84.1450891, 106.2724038, -0.9297946, -0.0617219, 104.6275963,  18.6249805, 3.459417, 4.023212,  1.0000000,   4.3174881, 264.2124125, -32.8840935, 0.0000000e+00, 0.0000000e+00, 0.0000000e+00, 0.0000000e+00
 51,   159,    43,   4.2388877, 105.9981362, -0.9793254,  0.0385720, 104.3490057,  18.6249805, 3.474301, 4.231504,  1.0000000,   4.3174881, 186.4820052, -4.2094744, 3.3160461e-01, 4.2862300e-01, 5.5054809e-01, 9.2376587e-01
 204,   138,    16,  37.9136723, 106.2724038, -0.8420632, -0.0897748, 104.6275963,  18.6249805, 2.473306, 3.656201,  1.0000000,   4.3174881, 203.3964278, -34.0653364, 2.6176284e-01, 3.3835799e-01, 4.3462457e-01, 6.8553297e-01
 181,    38,    16, 125.3737722, 106.2724038, -0.8995824, -0.0908671, 104.6275963,  18.6249805, 3.363511, 3.903700,  1.0000000,   4.3174881, 302.3354725, -48.5878805, 0.0000000e+00, 0.0000000e+00, 0.0000000e+00, 0.0000000e+00
 245,    38,    26, 123.2596130, 106.2724038, -0.9352519, -0.0630166, 104.6275963,  18.6249805, 3.538365, 4.047095,  1.0000000,   4.3174881, 303.7882428, -38.6938434, 0.0000000e+00, 0.0000000e+00, 0.0000000e+00, 0.0000000e+00
 42,    54,    33, 105.6461207, 106.2724038, -0.9537070, -0.0413999, 104.6275963,  18.6249805, 3.629104, 4.121496,  1.0000000,   4.3174881, 288.1024339, -29.8443659, 0.0000000e+00, 0.0000000e+00, 0.0000000e+00, 0.0000000e+00
 246,    38,    46, 121.4136540, 106.2724038, -0.9820863,  0.0025934, 104.6275963,  18.6249805, 3.799525, 4.240161,  1.0000000,   4.3174881, 306.6921718, -18.9061887, 0.0000000e+00, 0.0000000e+00, 0.0000000e+00, 0.0000000e+00
 182,    38,    36, 121.9318464, 106.2724038, -0.9629473, -0.0315330, 104.6275963,  18.6249805, 3.687793, 4.159742,  1.0000000,   4.3174881, 305.2413595, -28.7999187, 0.0000000e+00, 0.0000000e+00, 0.0000000e+00, 0.0000000e+00
 183,    37,    56, 121.7192682, 106.2724038, -0.9923509,  0.0382919, 104.6275963,  18.6249805, 3.863860, 4.287652,  1.0000000,   4.3174881, 308.1447606, -9.0120080, 0.0000000e+00, 0.0000000e+00, 0.0000000e+00, 0.0000000e+00
 206,   137,    56,  23.1170094, 106.2724038, -0.9810004,  0.0962068, 104.6275963,  18.6249805, 3.878849, 4.255776,  1.0000000,   4.3174881, 209.2057367,  5.5102883, 3.3455126e-01, 4.3243133e-01, 5.5543896e-01, 9.3381703e-01
 290,    98,    46,  61.4217342, 106.2724038, -0.9852713,  0.0220740, 104.6275963,  18.6249805, 3.855617, 4.254965,  1.0000000,   4.3174881, 247.3288049, -10.1918093, 9.5634145e-02, 1.2361395e-01, 1.5877667e-01, 2.6692158e-01
 196,    97,    56,  62.0232275, 106.2724038, -0.9911603,  0.0675694, 104.6275963,  18.6249805, 3.918699, 4.289255,  1.0000000,   4.3174881, 248.7811020, -0.2984434, 9.0035312e-02, 1.1637689e-01, 1.4948070e-01, 2.5198107e-01
 291,    97,    66,  64.1957534, 106.2445060, -0.9812866,  0.1123973, 104.6273741,  18.6249805, 3.845703, 4.264394,  1.0000000,   4.3174881, 250.2334374,  9.5953002, 6.4929685e-02, 8.3926210e-02, 1.0779946e-01, 1.8136060e-01
 197,    97,    76,  67.7824928, 106.1130467, -0.9567589,  0.1541901, 104.6263017,  18.6249805, 3.677944, 4.184094,  1.0000000,   4.3174881, 251.6853080, 19.4898393, 2.4085752e-02, 3.1132646e-02, 3.9988675e-02, 6.6830743e-02
 292,    97,    86,  72.5725027, 105.9869665, -0.9193424,  0.1909758, 104.6252293,  18.6249805, 3.448093, 4.053986,  1.0000000,   4.3174881, 253.1381735, 29.3835404, 0.0000000e+00, 0.0000000e+00, 0.0000000e+00, 0.0000000e+00
 52,   125,    44,  34.1054869, 106.2724038, -0.9816010,  0.0210499, 104.6275963,  18.6249805, 3.836348, 4.239025,  1.0000000,   4.3174881, 219.6761507, -8.9163887, 3.3251762e-01, 4.2980300e-01, 5.5206351e-01, 9.2688020e-01
 326,   148,    26,  24.1565910, 106.2724038, -0.9088481, -0.0540179, 104.6275963,  18.6249805, 2.653350, 3.930865,  1.0000000,   4.3174881, 194.9543062, -22.7190560, 2.9510706e-01, 3.8145278e-01, 4.8996938e-01, 7.9927137e-01
 325,   148,    16,  33.3059053, 106.2724038, -0.8300182, -0.0873115, 104.6275963,  18.6249805, 2.207790, 3.074413,  0.8532058,   4.3174881, 193.5024522, -32.6126081, 1.9113372e-01, 2.4707538e-01, 3.1739419e-01, 4.4461436e-01
 50,   153,    24,  24.8986627, 106.2724038, -0.8845954, -0.0638776, 104.6275963,  18.6249805, 2.317081, 3.520709,  0.9194432,   4.3174881, 189.2073772, -24.7731341, 2.4531403e-01, 3.1709918e-01, 4.0732279e-01, 6.2942544e-01
 328,   148,    46,  11.4898844, 106.2724038, -0.9839381,  0.0483621, 104.6275963,  18.6249805, 3.941501, 4.253269,  1.0000000,   4.3174881, 197.8590703, -2.9313502, 3.3424689e-01, 4.3203795e-01, 5.5493376e-01, 9.3277881e-01
 327,   148,    36,  16.0550803, 106.2724038, -0.9615263, -0.0068065, 104.6275963,  18.6249805, 3.303764, 4.151482,  1.0000000,   4.3174881, 196.4061235, -12.8250108, 3.2188997e-01, 4.1606760e-01, 5.3442372e-01, 8.9062890e-01
 329,   147,    56,  14.3613666, 106.2678725, -0.9752873,  0.1046672, 104.6275603,  18.6249805, 3.748612, 4.234970,  1.0000000,   4.3174881, 199.3112654,  6.9628808, 3.3202541e-01, 4.2916687e-01, 5.5124655e-01, 9.2520127e-01
 68,   105,    31,  56.2588891, 106.2724038, -0.9428985, -0.0434663, 104.6275963,  18.6249805, 3.477768, 4.075277,  1.0000000,   4.3174881, 237.3542796, -24.5986437, 1.4320004e-01, 1.8509775e-01, 2.3775247e-01, 3.9348679e-01
 99,   116,    68,  47.3860861, 106.1859643, -0.9677324,  0.1335353, 104.6269019,  18.6249805, 3.738035, 4.217763,  1.0000000,   4.3174881, 232.1489382, 13.6138447, 2.4870513e-01, 3.2146961e-01, 4.1291442e-01, 6.9204278e-01
 259,    47,   106, 125.9042502, 105.8458643, -0.9060994,  0.2109974, 104.6239707,  18.6249805, 3.482025, 4.016740,  1.0000000,   4.3174881, 305.5119335, 41.9100389, 0.0000000e+00, 0.0000000e+00, 0.0000000e+00, 0.0000000e+00
 348,   167,    96,  49.3327399, 104.3253734, -0.5938909,  0.2125426, 103.1994632,  18.6249805, 1.621521, 1.355946,  0.4978915,   4.3174881, 185.3324627, 49.4431103, -1.2047753e-02, -1.5536333e-02, -1.9893552e-02, -1.8394055e-01
 349,   167,   106,  59.1971666, 105.6243625, -0.4849394,  0.1919382, 104.6218438,  18.6249805, 1.506335, 0.963935,  0.4280821,   4.3174881, 186.7846005, 59.3373559, -2.3434325e-02, -3.0269026e-02, -3.8842332e-02, -1.5460095e-01
 234,    17,   106, 153.0955261, 105.9045649, -0.9363611,  0.1894430, 104.6245024,  18.6249805, 3.634143, 4.124638,  1.0000000,   4.3174881, 335.1944159, 37.5535822, 0.0000000e+00, 0.0000000e+00, 0.0000000e+00, 0.0000000e+00
 233,    17,    86, 146.6089012, 106.1548161, -0.9788692,  0.1307415, 104.6266472,  18.6249805, 3.806242, 4.263786,  1.0000000,   4.3174881, 332.2898584, 17.7655348, 0.0000000e+00, 0.0000000e+00, 0.0000000e+00, 0.0000000e+00
 180,    17,    96, 149.5558575, 106.0270047, -0.9606660,  0.1613134, 104.6255748,  18.6249805, 3.733292, 4.205733,  1.0000000,   4.3174881, 333.7427623, 27.6592025, 0.0000000e+00, 0.0000000e+00, 0.0000000e+00, 0.0000000e+00
 331,   147,    76,  30.8587454, 106.0084816, -0.8772826,  0.1964236, 104.6254156,  18.6249805, 2.705904, 3.881436,  1.0000000,   4.3174881, 202.2158696, 26.7501779, 2.8910633e-01, 3.7369731e-01, 4.8000936e-01, 7.7880265e-01
 330,   147,    66,  21.9053994, 106.1354900, -0.9380619,  0.1556812, 104.6264879,  18.6249805, 3.174123, 4.105468,  1.0000000,   4.3174881, 200.7630581, 16.8569045, 3.1630375e-01, 4.0884785e-01, 5.2515170e-01, 8.7157409e-01
 333,   147,    96,  49.9362295, 105.7706096, -0.7107258,  0.2371179, 104.6232707,  18.6249805, 2.124941, 2.597545,  0.8029948,   4.3174881, 205.1200177, 46.5386597, 8.9111196e-02, 1.1520269e-01, 1.4800729e-01, 1.6528757e-01
 332,   147,    86,  40.2930866, 105.8868456, -0.7993128,  0.2239068, 104.6243431,  18.6249805, 2.369199, 3.408364,  0.9510298,   4.3174881, 203.6683450, 36.6443224, 2.2941201e-01, 2.9654659e-01, 3.8092712e-01, 5.7720879e-01
 334,   147,   106,  59.6870540, 105.6597980, -0.6174256,  0.2366522, 104.6221983,  18.6249805, 1.942805, 1.977282,  0.6926091,   4.3174881, 206.5723069, 56.4326468, 1.9918447e-02, 2.5760222e-02, 3.3112248e-02, -3.3370691e-03
 318,   127,    96,  57.8914197, 105.8084299, -0.7923200,  0.2380090, 104.6236252,  18.6249805, 2.641409, 3.571842,  1.0000000,   4.3174881, 224.9084775, 43.6342160, 1.0151901e-01, 1.3122556e-01, 1.6856203e-01, 2.6259472e-01
 317,   127,    86,  49.8091065, 105.9264472, -0.8619791,  0.2144964, 104.6246975,  18.6249805, 2.942216, 3.835078,  1.0000000,   4.3174881, 223.4561983, 33.7403923, 1.9078949e-01, 2.4661414e-01, 3.1677379e-01, 5.1123746e-01
 316,   127,    76,  42.5354728, 106.0498640, -0.9200513,  0.1804894, 104.6257700,  18.6249805, 3.296838, 4.048024,  1.0000000,   4.3174881, 222.0036405, 23.8462944, 2.8318684e-01, 3.6604261e-01, 4.7017150e-01, 7.7613539e-01
 315,   127,    66,  36.5574020, 106.1786529, -0.9623147,  0.1375131, 104.6268424,  18.6249805, 3.661755, 4.196988,  1.0000000,   4.3174881, 220.5512714, 13.9526014, 3.2741435e-01, 4.2320743e-01, 5.4359310e-01, 9.0947276e-01
 273,    67,   106, 108.6022817, 105.8074599, -0.8774359,  0.2254751, 104.6236161,  18.6249805, 3.324111, 3.911398,  1.0000000,   4.3174881, 285.7246502, 44.8151459, 0.0000000e+00, 0.0000000e+00, 0.0000000e+00, 0.0000000e+00
 272,    67,    96, 103.5560262, 105.9254416, -0.9184675,  0.1983033, 104.6246886,  18.6249805, 3.509157, 4.056846,  1.0000000,   4.3174881, 284.2719759, 34.9205095, 0.0000000e+00, 0.0000000e+00, 0.0000000e+00, 0.0000000e+00
 271,    67,    86,  99.2586828, 106.0488084, -0.9517858,  0.1662945, 104.6257610,  18.6249805, 3.675317, 4.171574,  1.0000000,   4.3174881, 282.8200165, 25.0268271, 0.0000000e+00, 0.0000000e+00, 0.0000000e+00, 0.0000000e+00
 270,    67,    76,  95.8097767, 106.1775528, -0.9760052,  0.1303100, 104.6268334,  18.6249805, 3.803066, 4.251283,  1.0000000,   4.3174881, 281.3679455, 15.1331044, 0.0000000e+00, 0.0000000e+00, 0.0000000e+00, 0.0000000e+00
 303,   107,    96,  70.7745369, 105.8468401, -0.8493671,  0.2281397, 104.6239796,  18.6249805, 3.045331, 3.797113,  1.0000000,   4.3174881, 244.6961592, 40.7298900, 0.0000000e+00, 0.0000000e+00, 0.0000000e+00, 0.0000000e+00
 304,   107,   106,  77.9661285, 105.7324445, -0.7866755,  0.2485756, 104.6229072,  18.6249805, 2.793924, 3.561989,  1.0000000,   4.3174881, 246.1483649, 50.6237918, 0.0000000e+00, 0.0000000e+00, 0.0000000e+00, 0.0000000e+00
 301,   107,    76,  58.8739371, 106.0918372, -0.9470964,  0.1628391, 104.6261244,  18.6249805, 3.594171, 4.149077,  1.0000000,   4.3174881, 241.7917034, 20.9421427, 1.1927064e-01, 1.5416652e-01, 1.9802132e-01, 3.2993705e-01
 302,   107,    86,  64.3293424, 105.9666452, -0.9038062,  0.1992844, 104.6250520,  18.6249805, 3.320718, 3.995904,  1.0000000,   4.3174881, 243.2447696, 30.8359078, 5.7274168e-02, 7.4031832e-02, 9.5092150e-02, 1.5617066e-01
 354,   177,   106,  60.6448928,  95.8466381, -0.4037209,  0.1506549,  94.7579137,  18.6249805, 1.429865, 0.710209,  0.3817365,   4.3174881, 176.8909132, 60.7894670, -2.9899117e-02, -3.8626677e-02, -4.9579847e-02, -1.6664640e-01
 218,   177,    96,  50.7805586,  94.5308724, -0.5184736,  0.1841954,  93.3052164,  18.6249805, 1.533662, 1.056283,  0.4446439,   4.3174881, 175.4382160, 50.8953067, -3.4509932e-02, -4.4569354e-02, -5.7183567e-02, -2.5055306e-01
 353,   177,    86,  40.9165873,  93.2266550, -0.6392683,  0.2023529,  91.8537014,  18.6249805, 1.675551, 1.536197,  0.5306367,   4.3174881, 173.9867009, 41.0015103, 4.2600082e-03, 5.5541996e-03, 7.2161885e-03, -1.8648380e-01
 186,    58,    36, 102.0336704, 106.2724038, -0.9631579, -0.0287702, 104.6275963,  18.6249805, 3.684807, 4.160277,  1.0000000,   4.3174881, 285.4522647, -25.8954802, 0.0000000e+00, 0.0000000e+00, 0.0000000e+00, 0.0000000e+00
 235,    28,    16, 135.0808107, 106.2724038, -0.9023927, -0.0903534, 104.6275963,  18.6249805, 3.388254, 3.915551,  1.0000000,   4.3174881, 312.2300246, -50.0399777, 0.0000000e+00, 0.0000000e+00, 0.0000000e+00, 0.0000000e+00
 260,    58,    26, 103.6184781, 106.2724038, -0.9328273, -0.0624907, 104.6275963,  18.6249805, 3.507071, 4.036498,  1.0000000,   4.3174881, 284.0007434, -35.7895822, 0.0000000e+00, 0.0000000e+00, 0.0000000e+00, 0.0000000e+00
 261,    58,    46, 101.4160078, 106.2724038, -0.9832556,  0.0080614, 104.6275963,  18.6249805, 3.814520, 4.245337,  1.0000000,   4.3174881, 286.9050324, -16.0015611, 0.0000000e+00, 0.0000000e+00, 0.0000000e+00, 0.0000000e+00
 84,   107,    42,  52.1537743, 106.2724038, -0.9787188,  0.0074611, 104.6275963,  18.6249805, 3.796133, 4.225729,  1.0000000,   4.3174881, 237.3183518, -12.7937868, 1.9684598e-01, 2.5443777e-01, 3.2681465e-01, 5.4810194e-01
 280,    88,    36,  72.2947838, 106.2724038, -0.9633320, -0.0235931, 104.6275963,  18.6249805, 3.671087, 4.160422,  1.0000000,   4.3174881, 255.7704249, -21.5390520, 0.0000000e+00, 0.0000000e+00, 0.0000000e+00, 0.0000000e+00
 284,    87,    76,  76.9601321, 106.1344062, -0.9645595,  0.1458475, 104.6264789,  18.6249805, 3.735806, 4.211812,  1.0000000,   4.3174881, 261.5797484, 18.0372990, 0.0000000e+00, 0.0000000e+00, 0.0000000e+00, 0.0000000e+00
 285,    87,    86,  81.2119881, 106.0074335, -0.9321997,  0.1826039, 104.6254065,  18.6249805, 3.545238, 4.101251,  1.0000000,   4.3174881, 263.0326392, 27.9313066, 0.0000000e+00, 0.0000000e+00, 0.0000000e+00, 0.0000000e+00
 282,    87,    56,  71.9375903, 106.2724038, -0.9920033,  0.0616938, 104.6275963,  18.6249805, 3.909877, 4.291237,  1.0000000,   4.3174881, 258.6751480, -1.7508810, 0.0000000e+00, 0.0000000e+00, 0.0000000e+00, 0.0000000e+00
 283,    87,    66,  73.8186495, 106.2667388, -0.9849566,  0.1049616, 104.6275513,  18.6249805, 3.862217, 4.276616,  1.0000000,   4.3174881, 260.1269834,  8.1436302, 0.0000000e+00, 0.0000000e+00, 0.0000000e+00, 0.0000000e+00
 299,   107,    56,  52.1419625, 106.2724038, -0.9898402,  0.0739322, 104.6275963,  18.6249805, 3.925489, 4.285528,  1.0000000,   4.3174881, 238.8874006,  1.1541142, 2.0129762e-01, 2.6019118e-01, 3.3420354e-01, 5.6320499e-01
 286,    87,    96,  86.4088686, 105.8858421, -0.8896541,  0.2138783, 104.6243341,  18.6249805, 3.324870, 3.950509,  1.0000000,   4.3174881, 264.4838238, 37.8254937, 0.0000000e+00, 0.0000000e+00, 0.0000000e+00, 0.0000000e+00
 295,   108,    16,  60.1813663, 106.2724038, -0.8680779, -0.0926934, 104.6275963,  18.6249805, 2.973413, 3.769222,  1.0000000,   4.3174881, 233.0778745, -38.4221036, 9.0162417e-02, 1.1654423e-01, 1.4970088e-01, 2.3968430e-01
 294,   108,     6,  65.9356428, 106.2724038, -0.7996395, -0.1157114, 104.6275963,  18.6249805, 2.652180, 3.488393,  1.0000000,   4.3174881, 231.6254705, -48.3156654, 3.2703289e-02, 4.2273216e-02, 5.4301317e-02, 8.3460677e-02
 252,    48,    36, 111.9780211, 106.2724038, -0.9630581, -0.0302091, 104.6275963,  18.6249805, 3.686651, 4.160037,  1.0000000,   4.3174881, 295.3466713, -27.3476310, 0.0000000e+00, 0.0000000e+00, 0.0000000e+00, 0.0000000e+00
 251,    48,    26, 113.4228797, 106.2724038, -0.9341050, -0.0627769, 104.6275963,  18.6249805, 3.524237, 4.042085,  1.0000000,   4.3174881, 293.8940563, -37.2414122, 0.0000000e+00, 0.0000000e+00, 0.0000000e+00, 0.0000000e+00
 250,    48,    16, 115.7180220, 106.2724038, -0.8964780, -0.0913595, 104.6275963,  18.6249805, 3.334503, 3.890580,  1.0000000,   4.3174881, 292.4423650, -47.1357166, 0.0000000e+00, 0.0000000e+00, 0.0000000e+00, 0.0000000e+00
 253,    48,    46, 111.4152401, 106.2724038, -0.9826737,  0.0052234, 104.6275963,  18.6249805, 3.806671, 4.242742,  1.0000000,   4.3174881, 296.7991411, -17.4535318, 0.0000000e+00, 0.0000000e+00, 0.0000000e+00, 0.0000000e+00
 214,   178,    16,  28.2615584,  83.7837447, -0.7752319, -0.0688076,  81.6873673,  18.6249805, 1.903975, 2.248236,  0.6690755,   4.3174881, 163.8203669, -28.2571617, 9.0835853e-02, 1.1744823e-01, 1.5091956e-01, 1.0249454e-01
 90,    99,    11,  70.0035023, 106.2724038, -0.8412371, -0.1063351, 104.6275963,  18.6249805, 2.894174, 3.660932,  1.0000000,   4.3174881, 240.5468947, -44.8026326, 0.0000000e+00, 0.0000000e+00, 0.0000000e+00, 0.0000000e+00
 350,   178,    26,  18.3691684,  85.2001550, -0.8866704, -0.0428037,  83.1395003,  18.6249805, 2.284076, 3.447235,  0.8994397,   4.3174881, 165.2724999, -18.3624032, 2.3639432e-01, 3.0557116e-01, 3.9251784e-01, 5.9899998e-01
 208,   137,    96,  53.1282668, 105.7894389, -0.7551900,  0.2395100, 104.6234479,  18.6249805, 2.393073, 3.302561,  0.9654986,   4.3174881, 215.0147114, 45.0870341, 1.2306859e-01, 1.5908464e-01, 2.0435389e-01, 3.0317982e-01
 339,   157,   106,  58.5955479, 105.6420072, -0.5560022,  0.2194358, 104.6220210,  18.6249805, 1.716734, 1.433842,  0.5555965,   4.3174881, 196.6788452, 57.8848941, -3.0531717e-03, -3.9269781e-03, -5.0106391e-03, -8.9238256e-02
 321,   138,    46,  21.4514120, 106.2724038, -0.9850325,  0.0420915, 104.6275963,  18.6249805, 3.921617, 4.256747,  1.0000000,   4.3174881, 207.7533108, -4.3841187, 3.3466909e-01, 4.3258361e-01, 5.5563452e-01, 9.3421894e-01
 205,   138,    36,  24.2054236, 106.2724038, -0.9622795, -0.0104854, 104.6275963,  18.6249805, 3.490866, 4.154877,  1.0000000,   4.3174881, 206.3003774, -14.2776389, 3.2230207e-01, 4.1660021e-01, 5.3510772e-01, 8.9203458e-01
 320,   138,    26,  30.1934761, 106.2724038, -0.9135448, -0.0560467, 104.6275963,  18.6249805, 2.933103, 3.951635,  1.0000000,   4.3174881, 204.8479996, -24.1711259, 2.9762844e-01, 3.8471147e-01, 4.9415437e-01, 8.0787188e-01
 298,   108,    46,  51.4242389, 106.2724038, -0.9855683,  0.0264065, 104.6275963,  18.6249805, 3.869196, 4.256707,  1.0000000,   4.3174881, 237.4341738, -8.7402716, 2.0722140e-01, 2.6784840e-01, 3.4403944e-01, 5.7845058e-01
 264,    57,   106, 117.1456261, 105.8265926, -0.8928073,  0.2182927, 104.6237934,  18.6249805, 3.410057, 3.968231,  1.0000000,   4.3174881, 295.6180188, 43.3622136, 0.0000000e+00, 0.0000000e+00, 0.0000000e+00, 0.0000000e+00
 242,    27,    86, 136.9884624, 106.1333197, -0.9751450,  0.1371870, 104.6264699,  18.6249805, 3.792846, 4.251637,  1.0000000,   4.3174881, 322.3958004, 19.2179138, 0.0000000e+00, 0.0000000e+00, 0.0000000e+00, 0.0000000e+00
 241,    27,    76, 134.5074836, 106.2656132, -0.9885696,  0.1040076, 104.6275424,  18.6249805, 3.844718, 4.291695,  1.0000000,   4.3174881, 320.9436133,  9.3238374, 0.0000000e+00, 0.0000000e+00, 0.0000000e+00, 0.0000000e+00
 244,    27,   106, 143.9081076, 105.8848516, -0.9276390,  0.1965016, 104.6243251,  18.6249805, 3.592337, 4.093942,  1.0000000,   4.3174881, 325.3005110, 39.0056491, 0.0000000e+00, 0.0000000e+00, 0.0000000e+00, 0.0000000e+00
 243,    27,    96, 140.1363302, 106.0063923, -0.9546017,  0.1682430, 104.6253975,  18.6249805, 3.705836, 4.185003,  1.0000000,   4.3174881, 323.8478119, 29.1118839, 0.0000000e+00, 0.0000000e+00, 0.0000000e+00, 0.0000000e+00
 134,    72,    30,  88.9959076, 106.2724038, -0.9449343, -0.0485158, 104.6275963,  18.6249805, 3.561713, 4.085116,  1.0000000,   4.3174881, 270.6044629, -29.8367061, 0.0000000e+00, 0.0000000e+00, 0.0000000e+00, 0.0000000e+00
 135,    67,    33,  93.4511208, 106.2724038, -0.9552314, -0.0377866, 104.6275963,  18.6249805, 3.630992, 4.127426,  1.0000000,   4.3174881, 276.0942357, -27.4292592, 0.0000000e+00, 0.0000000e+00, 0.0000000e+00, 0.0000000e+00
 138,    57,    39, 101.9570486, 106.2724038, -0.9702405, -0.0180898, 104.6275963,  18.6249805, 3.729277, 4.189730,  1.0000000,   4.3174881, 286.0939873, -22.9753914, 0.0000000e+00, 0.0000000e+00, 0.0000000e+00, 0.0000000e+00
 139,    54,    41, 104.9053638, 106.2724038, -0.9731472, -0.0135620, 104.6275963,  18.6249805, 3.747690, 4.201960,  1.0000000,   4.3174881, 289.3275993, -22.0203690, 0.0000000e+00, 0.0000000e+00, 0.0000000e+00, 0.0000000e+00
 136,    63,    35,  96.2780679, 106.2724038, -0.9612173, -0.0306037, 104.6275963,  18.6249805, 3.670587, 4.152147,  1.0000000,   4.3174881, 279.5188392, -25.7900397, 0.0000000e+00, 0.0000000e+00, 0.0000000e+00, 0.0000000e+00
 137,    60,    38,  98.9635611, 106.2724038, -0.9663976, -0.0236662, 104.6275963,  18.6249805, 3.704427, 4.173661,  1.0000000,   4.3174881, 282.7205476, -24.1914363, 0.0000000e+00, 0.0000000e+00, 0.0000000e+00, 0.0000000e+00
 226,     7,    86, 156.2771235, 106.1764572, -0.9820099,  0.1246197, 104.6268244,  18.6249805, 3.815874, 4.273819,  1.0000000,   4.3174881, 342.1841172, 16.3132902, 0.0000000e+00, 0.0000000e+00, 0.0000000e+00, 0.0000000e+00
 198,    97,    96,  78.3439780, 105.8662715, -0.8712280,  0.2213125, 104.6241569,  18.6249805, 3.199136, 3.880981,  1.0000000,   4.3174881, 254.5901605, 39.2773454, 0.0000000e+00, 0.0000000e+00, 0.0000000e+00, 0.0000000e+00
 293,    97,   106,  84.8976247, 105.7509817, -0.8148180,  0.2443074, 104.6230845,  18.6249805, 2.958721, 3.672694,  1.0000000,   4.3174881, 256.0421348, 49.1711488, 0.0000000e+00, 0.0000000e+00, 0.0000000e+00, 0.0000000e+00
 177,    18,    36, 141.8571894, 106.2724038, -0.9627074, -0.0338849, 104.6275963,  18.6249805, 3.688730, 4.159052,  1.0000000,   4.3174881, 325.0286822, -31.7041004, 0.0000000e+00, 0.0000000e+00, 0.0000000e+00, 0.0000000e+00
 89,   116,    72,  49.2908972, 106.1363417, -0.9558460,  0.1502146, 104.6264949,  18.6249805, 3.638761, 4.177504,  1.0000000,   4.3174881, 232.8926942, 17.3721549, 2.2438241e-01, 2.9003122e-01, 3.7253399e-01, 6.2224250e-01
 362,   187,    76,  32.5004153,  82.1994586, -0.6936559,  0.1870460,  80.5067313,  18.6249805, 1.754210, 1.793811,  0.5783088,   4.3174881, 162.6397308, 32.5598908, 3.5668651e-02, 4.6148940e-02, 5.9352909e-02, -8.5682881e-02
 361,   187,    66,  22.6365134,  80.9388891, -0.8184883,  0.1750897,  79.0545273,  18.6249805, 2.035410, 2.705746,  0.7487332,   4.3174881, 161.1875268, 22.6661640, 1.4637754e-01, 1.8923152e-01, 2.4310778e-01, 2.9194934e-01
 364,   187,    96,  52.2290568,  84.7602115, -0.4301943,  0.1391823,  83.4115049,  18.6249805, 1.445940, 0.764225,  0.3914788,   4.3174881, 165.5445044, 52.3481846, -5.2911866e-02, -6.8354828e-02, -8.7734382e-02, -3.0331122e-01
 363,   187,    86,  42.3652555,  83.4730329, -0.5597418,  0.1732917,  81.9586606,  18.6249805, 1.572056, 1.183747,  0.4679130,   4.3174881, 164.0916602, 42.4545587, -3.5366093e-02, -4.5661850e-02, -5.8562550e-02, -3.1163723e-01
 365,   187,   106,  62.0934428,  86.0590781, -0.3126670,  0.0913248,  84.8639161,  18.6249805, 1.354283, 0.472431,  0.3359292,   4.3174881, 166.9969156, 62.2423969, -3.2877278e-02, -4.2478132e-02, -5.4530249e-02, -1.6679313e-01
 268,    67,    56,  91.8223998, 106.2724038, -0.9927103,  0.0512501, 104.6275963,  18.6249805, 3.890722, 4.291723,  1.0000000,   4.3174881, 278.4635614, -4.6551809, 0.0000000e+00, 0.0000000e+00, 0.0000000e+00, 0.0000000e+00
 342,   168,    36,   9.9330469,  96.3041635, -0.9586110,  0.0021600,  94.4859885,  18.6249805, 2.895947, 4.138802,  1.0000000,   4.3174881, 176.6189880, -9.9205305, 3.2035059e-01, 4.1407806e-01, 5.3186864e-01, 8.8537798e-01
 267,    68,    46,  91.4167835, 106.2724038, -0.9838243,  0.0111371, 104.6275963,  18.6249805, 3.823197, 4.247922,  1.0000000,   4.3174881, 277.0108457, -14.5489588, 0.0000000e+00, 0.0000000e+00, 0.0000000e+00, 0.0000000e+00
 266,    68,    36,  92.1027179, 106.2724038, -0.9632425, -0.0271999, 104.6275963,  18.6249805, 3.681961, 4.160446,  1.0000000,   4.3174881, 275.5591858, -24.4432519, 0.0000000e+00, 0.0000000e+00, 0.0000000e+00, 0.0000000e+00
 265,    68,    26,  93.8543081, 106.2724038, -0.9314010, -0.0621427, 104.6275963,  18.6249805, 3.485932, 4.030253,  1.0000000,   4.3174881, 274.1068554, -34.3367671, 0.0000000e+00, 0.0000000e+00, 0.0000000e+00, 0.0000000e+00
 341,   168,    26,  19.8206664,  94.8789189, -0.8958864, -0.0477470,  93.0328940,  18.6249805, 2.308374, 3.540993,  0.9141659,   4.3174881, 175.1658935, -19.8143969, 2.4777653e-01, 3.2028177e-01, 4.1141005e-01, 6.3782512e-01
 340,   168,    16,  29.7128899,  93.4564220, -0.7975665, -0.0776859,  91.5817280,  18.6249805, 1.949584, 2.410490,  0.6967178,   4.3174881, 173.7147275, -29.7087081, 1.1053353e-01, 1.4290594e-01, 1.8361381e-01, 1.6968407e-01
 269,    67,    66,  93.3039256, 106.2724038, -0.9899410,  0.0914955, 104.6275963,  18.6249805, 3.877389, 4.292275,  1.0000000,   4.3174881, 279.9160101,  5.2385896, 0.0000000e+00, 0.0000000e+00, 0.0000000e+00, 0.0000000e+00
 200,   118,    36,  42.9207010, 106.2724038, -0.9630654, -0.0166173, 104.6275963,  18.6249805, 3.619858, 4.158643,  1.0000000,   4.3174881, 226.0889696, -17.1818827, 2.9133643e-01, 3.7657467e-01, 4.8369628e-01, 8.0659652e-01
 289,    98,    26,  64.9938825, 106.2724038, -0.9258908, -0.0605837, 104.6275963,  18.6249805, 3.381013, 4.006071,  1.0000000,   4.3174881, 244.4247635, -29.9799939, 5.0768209e-02, 6.5622281e-02, 8.4290221e-02, 1.3857167e-01
 306,   118,    46,  41.4299526, 106.2724038, -0.9856919,  0.0311596, 104.6275963,  18.6249805, 3.884598, 4.257839,  1.0000000,   4.3174881, 227.5414842, -7.2877717, 3.1884329e-01, 4.1212762e-01, 5.2935968e-01, 8.9011991e-01
 194,    98,    16,  68.9200679, 106.2724038, -0.8744359, -0.0928467, 104.6275963,  18.6249805, 3.070794, 3.796589,  1.0000000,   4.3174881, 242.9723607, -39.8743620, 1.0036381e-02, 1.2973036e-02, 1.6663807e-02, 2.6770343e-02
 199,   118,    16,  51.9005603, 106.2724038, -0.8607341, -0.0922270, 104.6275963,  18.6249805, 2.848036, 3.737481,  1.0000000,   4.3174881, 223.1840922, -36.9695629, 1.6387849e-01, 2.1183029e-01, 2.7209640e-01, 4.3389846e-01
 288,    98,     6,  73.9979908, 106.2724038, -0.8111307, -0.1164439, 104.6275963,  18.6249805, 2.771580, 3.537950,  1.0000000,   4.3174881, 241.5197919, -49.7683091, 0.0000000e+00, 0.0000000e+00, 0.0000000e+00, 0.0000000e+00
 305,   118,    26,  46.5608502, 106.2724038, -0.9207099, -0.0588367, 104.6275963,  18.6249805, 3.237406, 3.983262,  1.0000000,   4.3174881, 224.6364225, -27.0755613, 2.3553850e-01, 3.0445415e-01, 3.9106455e-01, 6.4142717e-01
 222,     8,    46, 151.4122523, 106.2724038, -0.9803620, -0.0042286, 104.6275963,  18.6249805, 3.781529, 4.232741,  1.0000000,   4.3174881, 336.3743118, -23.2627955, 0.0000000e+00, 0.0000000e+00, 0.0000000e+00, 0.0000000e+00
 221,     8,    36, 151.8274282, 106.2724038, -0.9625819, -0.0349357, 104.6275963,  18.6249805, 3.688758, 4.158672,  1.0000000,   4.3174881, 334.9224900, -33.1567875, 0.0000000e+00, 0.0000000e+00, 0.0000000e+00, 0.0000000e+00
 220,     8,    26, 152.8971369, 106.2724038, -0.9380842, -0.0635269, 104.6275963,  18.6249805, 3.568547, 4.059444,  1.0000000,   4.3174881, 333.4707615, -43.0512863, 0.0000000e+00, 0.0000000e+00, 0.0000000e+00, 0.0000000e+00
 201,   117,    56,  42.3161724, 106.2724038, -0.9878773,  0.0808133, 104.6275963,  18.6249805, 3.927431, 4.279396,  1.0000000,   4.3174881, 228.9935005,  2.6060913, 3.1136803e-01, 4.0246496e-01, 5.1694780e-01, 8.7074678e-01
 87,   103,    21,  62.4481088, 106.2724038, -0.8953721, -0.0801454, 104.6275963,  18.6249805, 3.161532, 3.881214,  1.0000000,   4.3174881, 238.4937397, -34.9742709, 7.2769868e-02, 9.4061946e-02, 1.2082135e-01, 1.9602462e-01
 195,    98,    36,  62.4367818, 106.2724038, -0.9633161, -0.0215069, 104.6275963,  18.6249805, 3.661079, 4.160142,  1.0000000,   4.3174881, 245.8760206, -20.0865570, 8.1415843e-02, 1.0523621e-01, 1.3517202e-01, 2.2543808e-01
 49,   128,    28,  36.8697598, 106.2724038, -0.9246304, -0.0521771, 104.6275963,  18.6249805, 3.172788, 3.998432,  1.0000000,   4.3174881, 214.5393136, -24.2378534, 3.0330961e-01, 3.9205393e-01, 5.0358398e-01, 8.2725056e-01
 287,    87,   106,  92.3936592, 105.7696599, -0.8389252,  0.2387587, 104.6232617,  18.6249805, 3.100816, 3.765882,  1.0000000,   4.3174881, 265.9363476, 47.7191407, 0.0000000e+00, 0.0000000e+00, 0.0000000e+00, 0.0000000e+00
 277,    77,    86,  90.1320311, 106.0280416, -0.9428790,  0.1743428, 104.6255837,  18.6249805, 3.619130, 4.139875,  1.0000000,   4.3174881, 272.9257519, 26.4795178, 0.0000000e+00, 0.0000000e+00, 0.0000000e+00, 0.0000000e+00
 275,    78,    46,  81.4184507, 106.2724038, -0.9843634,  0.0144726, 104.6275963,  18.6249805, 3.832817, 4.250437,  1.0000000,   4.3174881, 267.1171565, -13.0972811, 0.0000000e+00, 0.0000000e+00, 0.0000000e+00, 0.0000000e+00
 191,    77,    56,  81.8723529, 106.2724038, -0.9924903,  0.0562672, 104.6275963,  18.6249805, 3.900338, 4.291946,  1.0000000,   4.3174881, 268.5687494, -3.2030753, 0.0000000e+00, 0.0000000e+00, 0.0000000e+00, 0.0000000e+00
 276,    77,    66,  83.5307432, 106.2724038, -0.9877812,  0.0979976, 104.6275963,  18.6249805, 3.872205, 4.285670,  1.0000000,   4.3174881, 270.0214640,  6.6906193, 0.0000000e+00, 0.0000000e+00, 0.0000000e+00, 0.0000000e+00
 192,    77,    76,  86.3196939, 106.1559021, -0.9708754,  0.1378799, 104.6266561,  18.6249805, 3.775716, 4.233803,  1.0000000,   4.3174881, 271.4731254, 16.5855028, 0.0000000e+00, 0.0000000e+00, 0.0000000e+00, 0.0000000e+00
 47,    97,     2,  76.5442113, 106.2724038, -0.7833395, -0.1232101, 104.6275963,  18.6249805, 2.663121, 3.423639,  1.0000000,   4.3174881, 241.2228477, -53.7831843, 0.0000000e+00, 0.0000000e+00, 0.0000000e+00, 0.0000000e+00
 355,   188,     6,  36.7007282,  72.7648890, -0.5914778, -0.0371559,  70.3408784,  18.6249805, 1.602764, 1.226391,  0.4865234,   4.2533531, 152.4738779, -36.6973426, -3.3216172e-02, -4.2879303e-02, -5.4982278e-02, -3.2065162e-01
 249,    37,   106, 134.8367387, 105.8652797, -0.9176230,  0.2037066, 104.6241479,  18.6249805, 3.542160, 4.058274,  1.0000000,   4.3174881, 315.4069726, 40.4582294, 0.0000000e+00, 0.0000000e+00, 0.0000000e+00, 0.0000000e+00
 185,    37,    96, 130.8039836, 105.9859266, -0.9475477,  0.1754386, 104.6252202,  18.6249805, 3.671512, 4.160556,  1.0000000,   4.3174881, 313.9538154, 30.5646201, 0.0000000e+00, 0.0000000e+00, 0.0000000e+00, 0.0000000e+00
 248,    37,    86, 127.4259414, 106.1119772, -0.9707274,  0.1439637, 104.6262927,  18.6249805, 3.774654, 4.236944,  1.0000000,   4.3174881, 312.5014029, 20.6697246, 0.0000000e+00, 0.0000000e+00, 0.0000000e+00, 0.0000000e+00
 184,    37,    76, 124.7556257, 106.2433785, -0.9863300,  0.1100136, 104.6273651,  18.6249805, 3.840821, 4.284876,  1.0000000,   4.3174881, 311.0490466, 10.7761720, 0.0000000e+00, 0.0000000e+00, 0.0000000e+00, 0.0000000e+00
 247,    37,    66, 122.8414308, 106.2724038, -0.9936923,  0.0744568, 104.6275963,  18.6249805, 3.875920, 4.302282,  1.0000000,   4.3174881, 309.5978485,  0.8820275, 0.0000000e+00, 0.0000000e+00, 0.0000000e+00, 0.0000000e+00
 314,   127,    56,  32.5962351, 106.2724038, -0.9850393,  0.0882410, 104.6275963,  18.6249805, 3.917894, 4.269926,  1.0000000,   4.3174881, 219.0993365,  4.0585586, 3.3626898e-01, 4.3465135e-01, 5.5829004e-01, 9.3967625e-01
 91,    99,     8,  71.3779935, 106.2724038, -0.8240725, -0.1120843, 104.6275963,  18.6249805, 2.815998, 3.590682,  1.0000000,   4.3174881, 240.1471408, -47.3755873, 0.0000000e+00, 0.0000000e+00, 0.0000000e+00, 0.0000000e+00
 44,   105,    36,  54.8388513, 106.2724038, -0.9630555, -0.0200202, 104.6275963,  18.6249805, 3.647738, 4.158879,  1.0000000,   4.3174881, 238.1909894, -19.0253971, 1.6312785e-01, 2.1085524e-01, 2.7083578e-01, 4.5164646e-01
 311,   128,    26,  37.9449466, 106.2724038, -0.9174336, -0.0576148, 104.6275963,  18.6249805, 3.116033, 3.968812,  1.0000000,   4.3174881, 214.7423299, -25.6240714, 2.9971376e-01, 3.8740658e-01, 4.9761558e-01, 8.1498498e-01
 310,   128,    16,  44.3348793, 106.2724038, -0.8521624, -0.0913192, 104.6275963,  18.6249805, 2.684889, 3.700266,  1.0000000,   4.3174881, 213.2902134, -35.5177760, 2.2851564e-01, 2.9538136e-01, 3.7941911e-01, 6.0208674e-01
 313,   128,    46,  31.4367982, 106.2724038, -0.9855548,  0.0363726, 104.6275963,  18.6249805, 3.902061, 4.258018,  1.0000000,   4.3174881, 217.6469697, -5.8357259, 3.3482336e-01, 4.3278299e-01, 5.5589058e-01, 9.3474516e-01
 312,   128,    36,  33.3770289, 106.2724038, -0.9627644, -0.0137337, 104.6275963,  18.6249805, 3.575532, 4.157147,  1.0000000,   4.3174881, 216.1943789, -15.7299071, 3.2257759e-01, 4.1695630e-01, 5.3556503e-01, 8.9297440e-01
 41,    24,     8, 140.4850194, 106.2724038, -0.8709946, -0.1093514, 104.6275963,  18.6249805, 3.255723, 3.790030,  1.0000000,   4.3174881, 314.4073845, -58.6693234, 0.0000000e+00, 0.0000000e+00, 0.0000000e+00, 0.0000000e+00