 ID     X      Y      Rrup         D           Rfn         Rfp          s            h          ctildepr    IDP          C          S            U            T         fD 2.00s        fD 3.00s        fD 5.00s        fD 10.00s    
 217,   177,    76,  31.0521991,  54.9079180, -0.5086508,  0.0686261,  52.3077475,  18.6132544, 1.499936, 0.861575,  0.4242036,   3.9571445, 172.5339031, 31.1072956, -7.7504789e-02, -1.0011888e-01, -1.2849263e-01, -4.7172177e-01
 216,   177,    56,  11.3248948,  52.6597422, -0.8525438,  0.0992582,  49.4028916,  18.6132544, 2.261449, 2.964870,  0.8857267,   3.9000090, 169.6290472, 11.3203431, 1.7783527e-01, 2.2988817e-01, 2.9532138e-01, 3.9925283e-01
 352,   177,    66,  21.1882978,  53.7703922, -0.6937437,  0.1055176,  50.8552136,  18.6132544, 1.756810, 1.598774,  0.5798849,   3.9289826, 171.0813692, 21.2135694, 1.1991218e-02, 1.5547711e-02, 2.0053052e-02, -1.6644750e-01
 215,   178,    36,   8.4825313,  50.0858286, -0.8730042,  0.0135710,  46.4987848,  18.6132544, 2.520717, 3.352240,  1.0000000,   3.8394262, 166.7249404, -8.4678712, 2.2486193e-01, 2.9066645e-01, 3.7337635e-01, 5.5966257e-01
 351,   178,    46,   1.5103902,  51.4369273, -0.9265393,  0.0563315,  47.9510611,  18.6132544, 3.620308, 3.592496,  1.0000000,   3.8701809, 168.1772167,  1.4257576, 2.5402902e-01, 3.2836262e-01, 4.2178795e-01, 6.5915260e-01
 257,    47,    86, 117.9367205,  68.8102508, -0.9535178,  0.1609698,  66.5329594,  18.6132544, 3.544537, 4.059213,  1.0000000,   4.1976975, 302.6076666, 22.1222821, 0.0000000e+00, 0.0000000e+00, 0.0000000e+00, 0.0000000e+00
 256,    47,    76, 115.0481218,  69.0105936, -0.9785000,  0.1218781,  66.5340318,  18.6132544, 3.620478, 4.139202,  1.0000000,   4.1977136, 301.1562858, 12.2283665, 0.0000000e+00, 0.0000000e+00, 0.0000000e+00, 0.0000000e+00
 347,   167,    86,  39.4684369,  65.6445059, -0.4616682,  0.0975693,  63.6542616,  18.6132544, 1.461105, 0.785264,  0.4006695,   4.1534663, 183.8804173, 39.5489811, -8.6769004e-02, -1.1209215e-01, -1.4386939e-01, -5.0332236e-01
 255,    47,    66, 112.9682610,  69.0889641, -0.9909408,  0.0797344,  66.5344402,  18.6132544, 3.666943, 4.173136,  1.0000000,   4.1977197, 299.7036402,  2.3341417, 0.0000000e+00, 0.0000000e+00, 0.0000000e+00, 0.0000000e+00
 254,    47,    56, 111.7472957,  69.0889641, -0.9897977,  0.0364181,  66.5344402,  18.6132544, 3.667009, 4.157705,  1.0000000,   4.1977197, 298.2507476, -7.5601347, 0.0000000e+00, 0.0000000e+00, 0.0000000e+00, 0.0000000e+00
 344,   167,    56,   9.8764363,  62.0701303, -0.9025938,  0.1105180,  59.2973464,  18.6132544, 2.521831, 3.712418,  1.0000000,   4.0825646, 179.5235021,  9.8675049, 2.6858756e-01, 3.4717841e-01, 4.4595226e-01, 7.0881236e-01
 343,   168,    46,   0.4992125,  60.7663504, -0.9480142,  0.0533581,  57.8454501,  18.6132544, 3.911306, 3.852916,  1.0000000,   4.0577748, 178.0716057, -0.0268157, 2.8564404e-01, 3.6922257e-01, 4.7426264e-01, 7.6699264e-01
 346,   167,    76,  29.6043621,  64.4327063, -0.6235332,  0.1359906,  62.2014415,  18.6132544, 1.642145, 1.345375,  0.5103911,   4.1303782, 182.4275971, 29.6550810, -1.8771523e-02, -2.4210725e-02, -3.1007017e-02, -2.7138038e-01
 258,    47,    96, 121.5777089,  68.6178778, -0.9175026,  0.1954616,  66.5318870,  18.6132544, 3.427541, 3.937810,  1.0000000,   4.1976813, 304.0602716, 32.0156098, 0.0000000e+00, 0.0000000e+00, 0.0000000e+00, 0.0000000e+00
 345,   167,    66,  19.7407577,  63.2406118, -0.7815817,  0.1418438,  60.7488699,  18.6132544, 1.943387, 2.260572,  0.6929616,   4.1067485, 180.9750255, 19.7616525, 9.2333443e-02, 1.1938375e-01, 1.5340526e-01, 1.0760287e-01
 88,   102,    16,  65.5523885,  69.0889641, -0.7870843, -0.1023651,  66.5344402,  18.6132544, 2.776304, 3.331785,  1.0000000,   4.1977197, 238.8568467, -39.7850196, 3.2968464e-02, 4.2616572e-02, 5.4743370e-02, 8.1716270e-02
 336,   158,    46,   1.9712118,  69.0889641, -0.9600640,  0.0471929,  66.5344402,  18.6132544, 3.858948, 4.034946,  1.0000000,   4.1977197, 187.9650782, -1.4786494, 3.0774239e-01, 3.9778296e-01, 5.1094153e-01, 8.4237097e-01
 210,   158,    36,  11.3835062,  68.8505237, -0.9088515, -0.0106353,  66.2868115,  18.6132544, 2.522507, 3.811976,  1.0000000,   4.1939910, 186.5129671, -11.3725863, 2.8067388e-01, 3.6279902e-01, 4.6601315e-01, 7.5003923e-01
 335,   158,    26,  21.2728674,  67.4529050, -0.7886900, -0.0399829,  64.8339506,  18.6132544, 1.966652, 2.329419,  0.7070617,   4.1718294, 185.0601062, -21.2670260, 1.0069142e-01, 1.3018578e-01, 1.6727785e-01, 1.3611224e-01
 209,   158,    16,  31.1647096,  66.0586833, -0.6261177, -0.0272619,  63.3821458,  18.6132544, 1.653202, 1.344613,  0.5170919,   4.1491822, 183.6083014, -31.1607225, -1.8863930e-02, -2.4330154e-02, -3.1160395e-02, -2.7169558e-01
 176,    18,    16, 144.8274252,  69.0889641, -0.8685257, -0.1056278,  66.5344402,  18.6132544, 3.198839, 3.672691,  1.0000000,   4.1977197, 322.1241591, -51.4921386, 0.0000000e+00, 0.0000000e+00, 0.0000000e+00, 0.0000000e+00
 229,    18,     6, 147.3111653,  69.0889641, -0.8170307, -0.1261170,  66.5344402,  18.6132544, 3.037129, 3.470285,  1.0000000,   4.1977197, 320.6714753, -61.3857252, 0.0000000e+00, 0.0000000e+00, 0.0000000e+00, 0.0000000e+00
 319,   127,   106,  66.4880358,  68.2021868, -0.5611975,  0.2110553,  66.5293967,  18.6132544, 2.132006, 2.031745,  0.8072761,   4.1976439, 226.3605291, 53.5277549, 7.5570284e-03, 9.7727211e-03, 1.2560733e-02, 1.5037842e-03
 230,    18,    26, 143.0007888,  69.0889641, -0.9124954, -0.0793121,  66.5344402,  18.6132544, 3.348190, 3.844841,  1.0000000,   4.1977197, 323.5762886, -41.5985974, 0.0000000e+00, 0.0000000e+00, 0.0000000e+00, 0.0000000e+00
 66,    21,    43, 137.9825165,  69.0889641, -0.9664159, -0.0239021,  66.5344402,  18.6132544, 3.548182, 4.057984,  1.0000000,   4.1977197, 322.5628126, -24.4271217, 0.0000000e+00, 0.0000000e+00, 0.0000000e+00, 0.0000000e+00
 300,   107,    66,  54.7072236,  69.0123009, -0.9642653,  0.1263821,  66.5340407,  18.6132544, 3.636268, 4.082328,  1.0000000,   4.1977137, 240.3390912, 11.0479847, 1.5980676e-01, 2.0656321e-01, 2.6532409e-01, 4.3940833e-01
 281,    88,    46,  71.4198370,  69.0889641, -0.9758189,  0.0072054,  66.5344402,  18.6132544, 3.665712, 4.096326,  1.0000000,   4.1977197, 257.2230372, -11.6442673, 0.0000000e+00, 0.0000000e+00, 0.0000000e+00, 0.0000000e+00
 296,   108,    26,  55.6420252,  69.0889641, -0.8701883, -0.0750297,  66.5344402,  18.6132544, 3.097016, 3.666359,  1.0000000,   4.1977197, 234.5303861, -28.5277690, 1.2586968e-01, 1.6270064e-01, 2.0899058e-01, 3.3010872e-01
 297,   108,    36,  52.6337149,  69.0889641, -0.9365606, -0.0349830,  66.5344402,  18.6132544, 3.458862, 3.934160,  1.0000000,   4.1977197, 235.9828412, -18.6341085, 1.7106200e-01, 2.2111320e-01, 2.8401594e-01, 4.6346901e-01
 231,    18,    46, 141.4126600,  69.0889641, -0.9733407, -0.0131102,  66.5344402,  18.6132544, 3.572335, 4.086182,  1.0000000,   4.1977197, 326.4803705, -21.8100085, 0.0000000e+00, 0.0000000e+00, 0.0000000e+00, 0.0000000e+00
 279,    88,    26,  74.5145691,  69.0889641, -0.8850289, -0.0779951,  66.5344402,  18.6132544, 3.213075, 3.729502,  1.0000000,   4.1977197, 254.3190654, -31.4328762, 0.0000000e+00, 0.0000000e+00, 0.0000000e+00, 0.0000000e+00
 178,    17,    56, 141.6753629,  69.0889641, -0.9887055,  0.0243216,  66.5344402,  18.6132544, 3.630541, 4.151564,  1.0000000,   4.1977197, 327.9330324, -11.9165048, 0.0000000e+00, 0.0000000e+00, 0.0000000e+00, 0.0000000e+00
 85,   110,    51,  49.3280184,  69.0889641, -0.9831837,  0.0428642,  66.5344402,  18.6132544, 3.774709, 4.131050,  1.0000000,   4.1977197, 235.9322187, -3.8931231, 2.2009424e-01, 2.8448904e-01, 3.6541629e-01, 6.0787195e-01
 232,    17,    66, 142.6394054,  69.0889641, -0.9936235,  0.0628274,  66.5344402,  18.6132544, 3.646410, 4.179282,  1.0000000,   4.1977197, 329.3847883, -2.0226668, 0.0000000e+00, 0.0000000e+00, 0.0000000e+00, 0.0000000e+00
 219,     8,    16, 154.6066173,  69.0889641, -0.8733377, -0.1049629,  66.5344402,  18.6132544, 3.217210, 3.692409,  1.0000000,   4.1977197, 332.0182094, -52.9450971, 0.0000000e+00, 0.0000000e+00, 0.0000000e+00, 0.0000000e+00
 179,    17,    76, 144.2929871,  69.0889641, -0.9882500,  0.1010345,  66.5344402,  18.6132544, 3.620151, 4.170020,  1.0000000,   4.1977197, 330.8378297,  7.8719951, 0.0000000e+00, 0.0000000e+00, 0.0000000e+00, 0.0000000e+00
 240,    27,    66, 132.7325096,  69.0889641, -0.9930688,  0.0680514,  66.5344402,  18.6132544, 3.653622, 4.178401,  1.0000000,   4.1977197, 319.4909426, -0.5706710, 0.0000000e+00, 0.0000000e+00, 0.0000000e+00, 0.0000000e+00
 239,    27,    56, 131.6963224,  69.0889641, -0.9891593,  0.0280348,  66.5344402,  18.6132544, 3.641643, 4.153881,  1.0000000,   4.1977197, 318.0395751, -10.4643410, 0.0000000e+00, 0.0000000e+00, 0.0000000e+00, 0.0000000e+00
 238,    28,    46, 131.4140810,  69.0889641, -0.9737738, -0.0109320,  66.5344402,  18.6132544, 3.581471, 4.087887,  1.0000000,   4.1977197, 316.5873184, -20.3576594, 0.0000000e+00, 0.0000000e+00, 0.0000000e+00, 0.0000000e+00
 237,    28,    36, 131.8914611,  69.0889641, -0.9471298, -0.0472664,  66.5344402,  18.6132544, 3.477685, 3.980733,  1.0000000,   4.1977197, 315.1347254, -30.2521381, 0.0000000e+00, 0.0000000e+00, 0.0000000e+00, 0.0000000e+00
 236,    28,    26, 133.1205592,  69.0889641, -0.9099010, -0.0794625,  66.5344402,  18.6132544, 3.339248, 3.834047,  1.0000000,   4.1977197, 313.6824655, -40.1456568, 0.0000000e+00, 0.0000000e+00, 0.0000000e+00, 0.0000000e+00
 158,    96,    41,  62.9590731,  69.0889641, -0.9612330, -0.0134216,  66.5344402,  18.6132544, 3.598233, 4.035380,  1.0000000,   4.1977197, 247.8696318, -15.1420644, 7.2238764e-02, 9.3374684e-02, 1.1993727e-01, 1.9774462e-01
 159,    98,    40,  61.1940919,  69.0889641, -0.9542798, -0.0213287,  66.5344402,  18.6132544, 3.560111, 4.006799,  1.0000000,   4.1977197, 245.6602447, -16.5921592, 8.9328734e-02, 1.1546507e-01, 1.4831207e-01, 2.4384019e-01
 160,   101,    38,  58.8310421,  69.0889641, -0.9481566, -0.0270069,  66.5344402,  18.6132544, 3.526486, 3.981710,  1.0000000,   4.1977197, 242.9119965, -17.5460313, 1.1216596e-01, 1.4498434e-01, 1.8622916e-01, 3.0540621e-01
 161,   103,    37,  56.7880157,  69.0889641, -0.9425546, -0.0316091,  66.5344402,  18.6132544, 3.494535, 3.958804,  1.0000000,   4.1977197, 240.5127051, -18.3123178, 1.3145874e-01, 1.6992215e-01, 2.1826157e-01, 3.5709390e-01
 128,    90,    39,  69.0593516,  69.0889641, -0.9514488, -0.0275613,  66.5344402,  18.6132544, 3.536445, 3.995591,  1.0000000,   4.1977197, 253.2662759, -18.5994642, 9.4994421e-03, 1.2278853e-02, 1.5771899e-02, 2.5901509e-02
 162,    76,    26,  85.8848064,  69.0889641, -0.8901178, -0.0797177,  66.5344402,  18.6132544, 3.247999, 3.751420,  1.0000000,   4.1977197, 265.8845264, -33.3969323, 0.0000000e+00, 0.0000000e+00, 0.0000000e+00, 0.0000000e+00
 163,    78,    28,  82.9778774,  69.0889641, -0.9021341, -0.0719244,  66.5344402,  18.6132544, 3.297506, 3.798922,  1.0000000,   4.1977197, 263.8085362, -30.8008851, 0.0000000e+00, 0.0000000e+00, 0.0000000e+00, 0.0000000e+00
 164,    81,    30,  79.7908997,  69.0889641, -0.9123383, -0.0643919,  66.5344402,  18.6132544, 3.341451, 3.839267,  1.0000000,   4.1977197, 261.3297743, -28.3862078, 0.0000000e+00, 0.0000000e+00, 0.0000000e+00, 0.0000000e+00
 165,    85,    34,  75.4718874,  69.0889641, -0.9320330, -0.0482994,  66.5344402,  18.6132544, 3.433841, 3.917663,  1.0000000,   4.1977197, 258.3458090, -23.9021870, 0.0000000e+00, 0.0000000e+00, 0.0000000e+00, 0.0000000e+00
 166,    87,    35,  72.4888597,  69.0889641, -0.9366727, -0.0432861,  66.5344402,  18.6132544, 3.457496, 3.936086,  1.0000000,   4.1977197, 255.6954027, -22.4138057, 0.0000000e+00, 0.0000000e+00, 0.0000000e+00, 0.0000000e+00
 150,    63,    52,  95.8787737,  69.0889641, -0.9857984,  0.0248360,  66.5344402,  18.6132544, 3.672411, 4.139419,  1.0000000,   4.1977197, 282.1748860, -9.4129678, 0.0000000e+00, 0.0000000e+00, 0.0000000e+00, 0.0000000e+00
 151,    68,    50,  90.6551289,  69.0889641, -0.9834429,  0.0190645,  66.5344402,  18.6132544, 3.669795, 4.128993,  1.0000000,   4.1977197, 276.8189255, -10.3730977, 0.0000000e+00, 0.0000000e+00, 0.0000000e+00, 0.0000000e+00
 149,    60,    54,  99.5346947,  69.0889641, -0.9877314,  0.0309566,  66.5344402,  18.6132544, 3.675477, 4.148255,  1.0000000,   4.1977197, 285.9510432, -8.2560345, 0.0000000e+00, 0.0000000e+00, 0.0000000e+00, 0.0000000e+00
 154,    82,    48,  76.5493427,  69.0889641, -0.9796249,  0.0137869,  66.5344402,  18.6132544, 3.676045, 4.112598,  1.0000000,   4.1977197, 262.5644590, -10.6455484, 0.0000000e+00, 0.0000000e+00, 0.0000000e+00, 0.0000000e+00
 155,    86,    46,  72.6086022,  69.0889641, -0.9759920,  0.0071155,  66.5344402,  18.6132544, 3.664310, 4.097050,  1.0000000,   4.1977197, 258.4120314, -11.7402045, 0.0000000e+00, 0.0000000e+00, 0.0000000e+00, 0.0000000e+00
 152,    74,    49,  84.8395561,  69.0889641, -0.9819707,  0.0168525,  66.5344402,  18.6132544, 3.672567, 4.122645,  1.0000000,   4.1977197, 270.9455532, -10.5068895, 0.0000000e+00, 0.0000000e+00, 0.0000000e+00, 0.0000000e+00
 153,    79,    49,  80.2352271,  69.0889641, -0.9809464,  0.0157535,  66.5344402,  18.6132544, 3.675817, 4.118269,  1.0000000,   4.1977197, 266.3088723, -10.4649357, 0.0000000e+00, 0.0000000e+00, 0.0000000e+00, 0.0000000e+00
 156,    90,    44,  69.1530197,  69.0889641, -0.9707675, -0.0014210,  66.5344402,  18.6132544, 3.642088, 4.075014,  1.0000000,   4.1977197, 254.6378042, -13.2127296, 8.8257247e-03, 1.1407970e-02, 1.4653193e-02, 2.4250836e-02
 157,    93,    43,  65.7073317,  69.0889641, -0.9670037, -0.0062318,  66.5344402,  18.6132544, 3.627016, 4.059295,  1.0000000,   4.1977197, 250.9747465, -13.9193317, 4.4457504e-02, 5.7465000e-02, 7.3812131e-02, 1.2197674e-01
 193,    77,    96,  94.8434792,  68.5254543, -0.8641057,  0.2187969,  66.5313553,  18.6132544, 3.217801, 3.741704,  1.0000000,   4.1976733, 274.3785785, 36.3727463, 0.0000000e+00, 0.0000000e+00, 0.0000000e+00, 0.0000000e+00
 278,    77,   106, 100.3267629,  68.3450957, -0.8002199,  0.2419139,  66.5302829,  18.6132544, 3.009523, 3.509187,  1.0000000,   4.1976572, 275.8302521, 46.2667948, 0.0000000e+00, 0.0000000e+00, 0.0000000e+00, 0.0000000e+00
 228,     7,   106, 162.3790575,  68.5544721, -0.9276536,  0.1942224,  66.5315235,  18.6132544, 3.469694, 3.978421,  1.0000000,   4.1976759, 345.0884564, 36.1017231, 0.0000000e+00, 0.0000000e+00, 0.0000000e+00, 0.0000000e+00
 43,    77,    46,  81.5000415,  69.0889641, -0.9754674,  0.0030190,  66.5344402,  18.6132544, 3.645627, 4.094758,  1.0000000,   4.1977197, 267.1857397, -13.1834930, 0.0000000e+00, 0.0000000e+00, 0.0000000e+00, 0.0000000e+00
 356,   188,    16,  26.8083098,  38.4986486, -0.3938329,  0.1902579,  33.7000402,  18.6132544, 1.425496, 0.583223,  0.3790886,   3.5174990, 153.9261958, -26.8036748, -1.1129667e-01, -1.4379224e-01, -1.8458047e-01, -5.8698716e-01
 309,   117,   106,  71.7611471,  68.2303283, -0.6261339,  0.2299933,  66.5295740,  18.6132544, 2.350443, 2.631047,  0.9396623,   4.1976466, 236.2545277, 52.0752720, 0.0000000e+00, 0.0000000e+00, 0.0000000e+00, 0.0000000e+00
 357,   188,    26,  16.9171155,  39.7758878, -0.6367851,  0.0762771,  35.1520698,  18.6132544, 1.756814, 1.323858,  0.5798871,   3.5596835, 155.3782254, -16.9097695, -2.1383673e-02, -2.7586724e-02, -3.5342670e-02, -2.8029052e-01
 358,   188,    36,   7.0340925,  41.0647989, -0.8359467,  0.0337726,  36.6041592,  18.6132544, 2.528694, 3.011999,  1.0000000,   3.6001619, 156.8303148, -7.0164067, 1.8355663e-01, 2.3728258e-01, 3.0481772e-01, 4.1876862e-01
 359,   188,    46,   2.9213490,  42.3650382, -0.8865173,  0.0498778,  38.0571048,  18.6132544, 3.187203, 3.231216,  1.0000000,   3.6390878, 158.2832604,  2.8785041, 2.1016966e-01, 2.7167783e-01, 3.4899008e-01, 5.0954666e-01
 360,   187,    56,  12.7716966,  43.4658953, -0.7710198,  0.0614819,  39.5091668,  18.6132544, 1.993790, 2.057426,  0.7235090,   3.6765327, 159.7353224, 12.7715195, 6.7671527e-02, 8.7510153e-02, 1.1247136e-01, 2.3480143e-02
 307,   117,    66,  45.4388124,  68.9786370, -0.9529032,  0.1354609,  66.5338635,  18.6132544, 3.580934, 4.040227,  1.0000000,   4.1977110, 230.4453288, 12.5000303, 2.5247552e-01, 3.2634579e-01, 4.1918226e-01, 6.9144483e-01
 202,   117,    76,  50.3754940,  68.7795301, -0.8959313,  0.1814491,  66.5327911,  18.6132544, 3.252955, 3.837200,  1.0000000,   4.1976949, 231.8972801, 22.3943685, 1.8560602e-01, 2.3991396e-01, 3.0816742e-01, 4.9747112e-01
 308,   117,    86,  56.6529297,  68.5884000, -0.8172606,  0.2133779,  66.5317187,  18.6132544, 2.906664, 3.545598,  1.0000000,   4.1976788, 233.3497016, 32.2883298, 1.1048508e-01, 1.4281557e-01, 1.8345013e-01, 2.8461830e-01
 203,   117,    96,  63.8763923,  68.4053107, -0.7248796,  0.2294339,  66.5306463,  18.6132544, 2.601300, 3.191578,  1.0000000,   4.1976627, 234.8018294, 42.1820000, 4.1917629e-02, 5.4185461e-02, 6.9605595e-02, 1.0065829e-01
 213,   157,    96,  48.6284114,  68.2887132, -0.4257057,  0.1180004,  66.5299373,  18.6132544, 1.563196, 0.857713,  0.4625430,   4.1976520, 195.2267463, 47.9909622, -5.5547319e-02, -7.1754944e-02, -9.2090710e-02, -3.3718731e-01
 338,   157,    86,  38.6631583,  68.4664578, -0.5667073,  0.1563763,  66.5310097,  18.6132544, 1.716375, 1.370538,  0.5553788,   4.1976682, 193.7747248, 38.0971299, -1.5716701e-02, -2.0262607e-02, -2.5936617e-02, -2.6096026e-01
 212,   157,    76,  28.7012007,  68.6522828, -0.7119162,  0.1708652,  66.5320821,  18.6132544, 1.945401, 2.133407,  0.6941825,   4.1976843, 192.3216531, 28.2031755, 7.6895650e-02, 9.9431611e-02, 1.2778158e-01, 5.4943977e-02
 337,   157,    66,  18.7487718,  68.8461209, -0.8427875,  0.1551387,  66.5331545,  18.6132544, 2.316512, 3.306189,  0.9190984,   4.1977004, 190.8693703, 18.3092423, 2.1927130e-01, 2.8344100e-01, 3.6409701e-01, 5.4059272e-01
 211,   157,    56,   8.8368655,  69.0479179, -0.9338514,  0.1098872,  66.5342270,  18.6132544, 2.996633, 3.947090,  1.0000000,   4.1977165, 189.4173063,  8.4146743, 2.9707668e-01, 3.8399836e-01, 4.9323856e-01, 8.0598981e-01
 207,   137,    76,  35.7879001,  68.7154768, -0.8290304,  0.1901230,  66.5324366,  18.6132544, 2.764169, 3.570352,  1.0000000,   4.1976896, 212.1093890, 25.2984177, 2.5134070e-01, 3.2488818e-01, 4.1732587e-01, 6.4998264e-01
 322,   137,    66,  28.4280747,  68.9119562, -0.9157585,  0.1517860,  66.5335091,  18.6132544, 3.265599, 3.896531,  1.0000000,   4.1977057, 210.6574860, 15.4041368, 2.9093884e-01, 3.7606568e-01, 4.8305096e-01, 7.8505341e-01
 189,    57,    96, 112.4834994,  68.5868462, -0.9028103,  0.2035708,  66.5317098,  18.6132544, 3.373675, 3.884855,  1.0000000,   4.1976787, 294.1662215, 33.4682017, 0.0000000e+00, 0.0000000e+00, 0.0000000e+00, 0.0000000e+00
 227,     7,    96, 159.0447550,  68.7441471, -0.9563398,  0.1639949,  66.5325959,  18.6132544, 3.545227, 4.073016,  1.0000000,   4.1976920, 343.6359593, 26.2076245, 0.0000000e+00, 0.0000000e+00, 0.0000000e+00, 0.0000000e+00
 323,   137,    86,  44.1844921,  68.5269895, -0.7202588,  0.2069541,  66.5313642,  18.6132544, 2.381019, 3.014230,  0.9581933,   4.1976735, 213.5620520, 35.1926877, 1.5818669e-01, 2.0448695e-01, 2.6268771e-01, 3.6115261e-01
 225,     7,    76, 154.1057459,  69.0889641, -0.9902344,  0.0949247,  66.5344402,  18.6132544, 3.620335, 4.175782,  1.0000000,   4.1977197, 340.7317667,  6.4195763, 0.0000000e+00, 0.0000000e+00, 0.0000000e+00, 0.0000000e+00
 262,    57,    66, 103.1194881,  69.0889641, -0.9891564,  0.0862630,  66.5344402,  18.6132544, 3.672173, 4.167961,  1.0000000,   4.1977197, 289.8093175,  3.7869895, 0.0000000e+00, 0.0000000e+00, 0.0000000e+00, 0.0000000e+00
 324,   137,   106,  62.3835428,  68.1742595, -0.4852569,  0.1801696,  66.5292194,  18.6132544, 1.902412, 1.451712,  0.6681286,   4.1976412, 216.4668981, 54.9807790, -1.4883071e-03, -1.9108263e-03, -2.4322132e-03, -5.7719085e-02
 187,    57,    56, 101.7815109,  69.0889641, -0.9899024,  0.0411637,  66.5344402,  18.6132544, 3.681495, 4.158924,  1.0000000,   4.1977197, 288.3574659, -6.1076550, 0.0000000e+00, 0.0000000e+00, 0.0000000e+00, 0.0000000e+00
 223,     7,    56, 151.6576132,  69.0889641, -0.9881986,  0.0208863,  66.5344402,  18.6132544, 3.620351, 4.149107,  1.0000000,   4.1977197, 337.8270430, -13.3683088, 0.0000000e+00, 0.0000000e+00, 0.0000000e+00, 0.0000000e+00
 263,    57,    86, 108.5393225,  68.7779124, -0.9439993,  0.1693864,  66.5327822,  18.6132544, 3.514675, 4.025907,  1.0000000,   4.1976948, 292.7143495, 23.5741216, 0.0000000e+00, 0.0000000e+00, 0.0000000e+00, 0.0000000e+00
 224,     7,    66, 152.5595058,  69.0889641, -0.9939380,  0.0579684,  66.5344402,  18.6132544, 3.639159, 4.179363,  1.0000000,   4.1977197, 339.2797121, -3.4746879, 0.0000000e+00, 0.0000000e+00, 0.0000000e+00, 0.0000000e+00
 188,    57,    76, 105.3929076,  68.9769471, -0.9734084,  0.1297140,  66.5338546,  18.6132544, 3.614004, 4.122207,  1.0000000,   4.1977109, 291.2615375, 13.6800747, 0.0000000e+00, 0.0000000e+00, 0.0000000e+00, 0.0000000e+00
 86,   113,    60,  47.8492928,  69.0889641, -0.9765236,  0.0994693,  66.5344402,  18.6132544, 3.727330, 4.120383,  1.0000000,   4.1977197, 234.2294914,  6.0008565, 2.3488206e-01, 3.0360360e-01, 3.8996854e-01, 6.4809330e-01
 190,    78,    36,  82.1871028,  69.0889641, -0.9423094, -0.0412885,  66.5344402,  18.6132544, 3.481402, 3.959346,  1.0000000,   4.1977197, 265.6649616, -22.9907030, 0.0000000e+00, 0.0000000e+00, 0.0000000e+00, 0.0000000e+00
 274,    78,    26,  84.1450891,  69.0889641, -0.8907787, -0.0787546,  66.5344402,  18.6132544, 3.249272, 3.753825,  1.0000000,   4.1977197, 264.2124125, -32.8840935, 0.0000000e+00, 0.0000000e+00, 0.0000000e+00, 0.0000000e+00
 51,   159,    43,   4.2388877,  68.8207152, -0.9523225,  0.0294450,  66.2558496,  18.6132544, 3.262933, 3.995496,  1.0000000,   4.1935238, 186.4820052, -4.2094744, 3.0295317e-01, 3.9159327e-01, 5.0299237e-01, 8.2603475e-01
 204,   138,    16,  37.9136723,  69.0889641, -0.7090030, -0.0737520,  66.5344402,  18.6132544, 2.168822, 2.482342,  0.8295891,   4.1977197, 203.3964278, -34.0653364, 1.1925629e-01, 1.5417942e-01, 1.9809186e-01, 1.9943772e-01
 181,    38,    16, 125.3737722,  69.0889641, -0.8571354, -0.1066993,  66.5344402,  18.6132544, 3.152021, 3.625785,  1.0000000,   4.1977197, 302.3354725, -48.5878805, 0.0000000e+00, 0.0000000e+00, 0.0000000e+00, 0.0000000e+00
 245,    38,    26, 123.2596130,  69.0889641, -0.9069873, -0.0795580,  66.5344402,  18.6132544, 3.328328, 3.821898,  1.0000000,   4.1977197, 303.7882428, -38.6938434, 0.0000000e+00, 0.0000000e+00, 0.0000000e+00, 0.0000000e+00
 42,    54,    33, 105.6461207,  69.0889641, -0.9310963, -0.0575899,  66.5344402,  18.6132544, 3.423589, 3.915950,  1.0000000,   4.1977197, 288.1024339, -29.8443659, 0.0000000e+00, 0.0000000e+00, 0.0000000e+00, 0.0000000e+00
 246,    38,    46, 121.4136540,  69.0889641, -0.9742019, -0.0085656,  66.5344402,  18.6132544, 3.591614, 4.089585,  1.0000000,   4.1977197, 306.6921718, -18.9061887, 0.0000000e+00, 0.0000000e+00, 0.0000000e+00, 0.0000000e+00
 182,    38,    36, 121.9318464,  69.0889641, -0.9464310, -0.0463466,  66.5344402,  18.6132544, 3.479466, 3.977613,  1.0000000,   4.1977197, 305.2413595, -28.7999187, 0.0000000e+00, 0.0000000e+00, 0.0000000e+00, 0.0000000e+00
 183,    37,    56, 121.7192682,  69.0889641, -0.9895347,  0.0320562,  66.5344402,  18.6132544, 3.653763, 4.155968,  1.0000000,   4.1977197, 308.1447606, -9.0120080, 0.0000000e+00, 0.0000000e+00, 0.0000000e+00, 0.0000000e+00
 206,   137,    56,  23.1170094,  69.0889641, -0.9667301,  0.0963531,  66.5344402,  18.6132544, 3.756825, 4.078168,  1.0000000,   4.1977197, 209.2057367,  5.5102883, 3.1298964e-01, 4.0456461e-01, 5.1965092e-01, 8.6026951e-01
 290,    98,    46,  61.4217342,  69.0889641, -0.9758146,  0.0114195,  66.5344402,  18.6132544, 3.687867, 4.096477,  1.0000000,   4.1977197, 247.3288049, -10.1918093, 9.0132490e-02, 1.1650349e-01, 1.4964501e-01, 2.4815522e-01
 196,    97,    56,  62.0232275,  69.0889641, -0.9869725,  0.0647936,  66.5344402,  18.6132544, 3.752149, 4.151952,  1.0000000,   4.1977197, 248.7811020, -0.2984434, 8.5603262e-02, 1.1064881e-01, 1.4212438e-01, 2.3686318e-01
 291,    97,    66,  64.1957534,  69.0461937, -0.9726148,  0.1174477,  66.5342180,  18.6132544, 3.662049, 4.112420,  1.0000000,   4.1977164, 250.2334374,  9.5953002, 6.1360136e-02, 7.9312848e-02, 1.0187472e-01, 1.6918473e-01
 197,    97,    76,  67.7824928,  68.8444635, -0.9351512,  0.1646672,  66.5331456,  18.6132544, 3.479659, 3.985877,  1.0000000,   4.1977003, 251.6853080, 19.4898393, 2.2307049e-02, 2.8833811e-02, 3.7036378e-02, 6.0763518e-02
 292,    97,    86,  72.5725027,  68.6506970, -0.8785986,  0.2028427,  66.5320732,  18.6132544, 3.232330, 3.785093,  1.0000000,   4.1976841, 253.1381735, 29.3835404, 0.0000000e+00, 0.0000000e+00, 0.0000000e+00, 0.0000000e+00
 52,   125,    44,  34.1054869,  69.0889641, -0.9660188,  0.0095071,  66.5344402,  18.6132544, 3.698776, 4.055273,  1.0000000,   4.1977197, 219.6761507, -8.9163887, 3.1021009e-01, 4.0097226e-01, 5.1503742e-01, 8.5078836e-01
 326,   148,    26,  24.1565910,  69.0889641, -0.8140485, -0.0536880,  66.5344402,  18.6132544, 2.326111, 3.167440,  0.9249158,   4.1977197, 194.9543062, -22.7190560, 2.0242721e-01, 2.6167133e-01, 3.3613916e-01, 4.8313690e-01
 325,   148,    16,  33.3059053,  69.0889641, -0.6724288, -0.0553649,  66.5344402,  18.6132544, 1.885274, 1.862869,  0.6577417,   4.1977197, 193.5024522, -32.6126081, 4.4052253e-02, 5.6984089e-02, 7.3268031e-02, -5.7086097e-02
 50,   153,    24,  24.8986627,  69.0889641, -0.7605023, -0.0496618,  66.5344402,  18.6132544, 1.971497, 2.271409,  0.7099985,   4.1977197, 189.2073772, -24.7731341, 9.3649086e-02, 1.2108412e-01, 1.5558897e-01, 1.1209058e-01
 328,   148,    46,  11.4898844,  69.0889641, -0.9670339,  0.0402332,  66.5344402,  18.6132544, 3.882704, 4.062849,  1.0000000,   4.1977197, 197.8590703, -2.9313502, 3.1112989e-01, 4.0216104e-01, 5.1656411e-01, 8.5392585e-01
 327,   148,    36,  16.0550803,  69.0889641, -0.9182873, -0.0181479,  66.5344402,  18.6132544, 3.056589, 3.855466,  1.0000000,   4.1977197, 196.4061235, -12.8250108, 2.8595352e-01, 3.6962255e-01, 4.7477631e-01, 7.6804829e-01
 329,   147,    56,  14.3613666,  69.0820181, -0.9537832,  0.1041276,  66.5344042,  18.6132544, 3.602065, 4.027503,  1.0000000,   4.1977192, 199.3112654,  6.9628808, 3.0683888e-01, 3.9661524e-01, 5.0944188e-01, 8.3928905e-01
 68,   105,    31,  56.2588891,  69.0889641, -0.9030271, -0.0599724,  66.5344402,  18.6132544, 3.270028, 3.799005,  1.0000000,   4.1977197, 237.3542796, -24.5986437, 1.2783777e-01, 1.6524322e-01, 2.1225414e-01, 3.4108551e-01
 99,   116,    68,  47.3860861,  68.9563971, -0.9489529,  0.1409829,  66.5337458,  18.6132544, 3.554850, 4.027150,  1.0000000,   4.1977093, 232.1489382, 13.6138447, 2.3126194e-01, 2.9892566e-01, 3.8396218e-01, 6.3254342e-01
 259,    47,   106, 125.9042502,  68.4335085, -0.8722593,  0.2242161,  66.5308146,  18.6132544, 3.284057, 3.780484,  1.0000000,   4.1976652, 305.5119335, 41.9100389, 0.0000000e+00, 0.0000000e+00, 0.0000000e+00, 0.0000000e+00
 348,   167,    96,  49.3327399,  66.8739650, -0.3154796,  0.0379200,  65.1063071,  18.6132544, 1.342210, 0.436046,  0.3286121,   4.1760214, 185.3324627, 49.4431103, -8.8982204e-02, -1.1496809e-01, -1.4758953e-01, -4.4636688e-01
 349,   167,   106,  59.1971666,  68.0918622, -0.1925277, -0.0319466,  66.5286877,  18.6132544, 1.259476, 0.233783,  0.2784703,   4.1976332, 186.7846005, 59.3373559, -5.5353256e-02, -7.1521748e-02, -9.1821449e-02, -2.6347764e-01
 234,    17,   106, 153.0955261,  68.5239049, -0.9168135,  0.2017573,  66.5313463,  18.6132544, 3.436649, 3.940569,  1.0000000,   4.1976732, 335.1944159, 37.5535822, 0.0000000e+00, 0.0000000e+00, 0.0000000e+00, 0.0000000e+00
 233,    17,    86, 146.6089012,  68.9085941, -0.9730885,  0.1376463,  66.5334911,  18.6132544, 3.588641, 4.125402,  1.0000000,   4.1977054, 332.2898584, 17.7655348, 0.0000000e+00, 0.0000000e+00, 0.0000000e+00, 0.0000000e+00
 180,    17,    96, 149.5558575,  68.7122605, -0.9489359,  0.1715314,  66.5324187,  18.6132544, 3.526608, 4.047892,  1.0000000,   4.1976893, 333.7427623, 27.6592025, 0.0000000e+00, 0.0000000e+00, 0.0000000e+00, 0.0000000e+00
 331,   147,    76,  30.8587454,  68.6837826, -0.7787311,  0.1861918,  66.5322595,  18.6132544, 2.383463, 3.225472,  0.9596744,   4.1976869, 202.2158696, 26.7501779, 2.0947233e-01, 2.7077660e-01, 3.4783266e-01, 5.0716807e-01
 330,   147,    66,  21.9053994,  68.8789257, -0.8855600,  0.1564756,  66.5333318,  18.6132544, 2.891575, 3.774902,  1.0000000,   4.1977031, 200.7630581, 16.8569045, 2.7617316e-01, 3.5698220e-01, 4.5854285e-01, 7.3468712e-01
 333,   147,    96,  49.9362295,  68.3175306, -0.5214940,  0.1703166,  66.5301146,  18.6132544, 1.829843, 1.437311,  0.6241470,   4.1976547, 205.1200177, 46.5386597, -5.0898147e-03, -6.5447476e-03, -8.3477673e-03, -1.5603564e-01
 332,   147,    86,  40.2930866,  68.4966243, -0.6520812,  0.1899299,  66.5311870,  18.6132544, 2.052774, 2.164616,  0.7592567,   4.1976708, 203.6683450, 36.6443224, 7.9896125e-02, 1.0330900e-01, 1.3276031e-01, 6.7204427e-02
 334,   147,   106,  59.6870540,  68.1465752, -0.3977189,  0.1329728,  66.5290422,  18.6132544, 1.672600, 0.930941,  0.5288482,   4.1976386, 206.5723069, 56.4326468, -2.3748572e-02, -3.0675982e-02, -3.9366369e-02, -1.5228692e-01
 318,   127,    96,  57.8914197,  68.3758293, -0.6695168,  0.2207649,  66.5304690,  18.6132544, 2.365995, 2.808584,  0.9490878,   4.1976600, 224.9084775, 43.6342160, 6.4119824e-02, 8.2890035e-02, 1.0648677e-01, 1.3502468e-01
 317,   127,    86,  49.8091065,  68.5575871, -0.7743635,  0.2134512,  66.5315414,  18.6132544, 2.670083, 3.371757,  1.0000000,   4.1976761, 223.4561983, 33.7403923, 1.5293339e-01, 1.9768809e-01, 2.5394015e-01, 3.8210887e-01
 316,   127,    76,  42.5354728,  68.7473965, -0.8670369,  0.1875705,  66.5326139,  18.6132544, 3.051630, 3.723748,  1.0000000,   4.1976923, 222.0036405, 23.8462944, 2.4714683e-01, 3.1946372e-01, 4.1035221e-01, 6.5320156e-01
 315,   127,    66,  36.5574020,  68.9451779, -0.9373211,  0.1442271,  66.5336862,  18.6132544, 3.472107, 3.980907,  1.0000000,   4.1977084, 220.5512714, 13.9526014, 3.0118211e-01, 3.8930431e-01, 5.0005276e-01, 8.1999359e-01
 273,    67,   106, 108.6022817,  68.3743345, -0.8282704,  0.2371358,  66.5304600,  18.6132544, 3.118531, 3.616486,  1.0000000,   4.1976599, 285.7246502, 44.8151459, 0.0000000e+00, 0.0000000e+00, 0.0000000e+00, 0.0000000e+00
 272,    67,    96, 103.5560262,  68.5560395, -0.8852274,  0.2114535,  66.5315325,  18.6132544, 3.304946, 3.820439,  1.0000000,   4.1976760, 284.2719759, 34.9205095, 0.0000000e+00, 0.0000000e+00, 0.0000000e+00, 0.0000000e+00
 271,    67,    86,  99.2586828,  68.7457742, -0.9323592,  0.1780029,  66.5326049,  18.6132544, 3.473002, 3.984445,  1.0000000,   4.1976921, 282.8200165, 25.0268271, 0.0000000e+00, 0.0000000e+00, 0.0000000e+00, 0.0000000e+00
 270,    67,    76,  95.8097767,  68.9434898, -0.9669691,  0.1379923,  66.5336773,  18.6132544, 3.600526, 4.100177,  1.0000000,   4.1977082, 281.3679455, 15.1331044, 0.0000000e+00, 0.0000000e+00, 0.0000000e+00, 0.0000000e+00
 303,   107,    96,  70.7745369,  68.4350117, -0.7703895,  0.2317115,  66.5308235,  18.6132544, 2.803332, 3.376943,  1.0000000,   4.1976654, 244.6961592, 40.7298900, 0.0000000e+00, 0.0000000e+00, 0.0000000e+00, 0.0000000e+00
 304,   107,   106,  77.9661285,  68.2586752, -0.6812112,  0.2403568,  66.5297511,  18.6132544, 2.550025, 3.032261,  1.0000000,   4.1976492, 246.1483649, 50.6237918, 0.0000000e+00, 0.0000000e+00, 0.0000000e+00, 0.0000000e+00
 301,   107,    76,  58.8739371,  68.8118875, -0.9180675,  0.1734767,  66.5329683,  18.6132544, 3.389147, 3.921967,  1.0000000,   4.1976976, 241.7917034, 20.9421427, 1.0904533e-01, 1.4095110e-01, 1.8104933e-01, 2.9505813e-01
 302,   107,    86,  64.3293424,  68.6194397, -0.8513696,  0.2092940,  66.5318959,  18.6132544, 3.091635, 3.680182,  1.0000000,   4.1976815, 243.2447696, 30.8359078, 5.0029212e-02, 6.4668293e-02, 8.3066955e-02, 1.3145784e-01
 354,   177,   106,  60.6448928,  58.4642872, -0.0841901, -0.1599568,  56.6647576,  18.6132544, 1.181378, 0.186628,  0.2311380,   4.0371525, 176.8909132, 60.7894670, -4.9720331e-02, -6.4244045e-02, -8.2479145e-02, -2.3425732e-01
 218,   177,    96,  50.7805586,  57.2559021, -0.1949983, -0.0781923,  55.2120603,  18.6132544, 1.249582, 0.229618,  0.2724742,   4.0111814, 175.4382160, 50.8953067, -9.8803547e-02, -1.2766382e-01, -1.6389826e-01, -4.6986102e-01
 353,   177,    86,  40.9165873,  56.0707524, -0.3370239,  0.0019214,  53.7605453,  18.6132544, 1.348097, 0.446087,  0.3321800,   3.9845398, 173.9867009, 41.0015103, -1.2403596e-01, -1.6025829e-01, -2.0572975e-01, -6.2410620e-01
 186,    58,    36, 102.0336704,  69.0889641, -0.9446930, -0.0441469,  66.5344402,  18.6132544, 3.482044, 3.969884,  1.0000000,   4.1977197, 285.4522647, -25.8954802, 0.0000000e+00, 0.0000000e+00, 0.0000000e+00, 0.0000000e+00
 235,    28,    16, 135.0808107,  69.0889641, -0.8631561, -0.1062188,  66.5344402,  18.6132544, 3.177353, 3.650619,  1.0000000,   4.1977197, 312.2300246, -50.0399777, 0.0000000e+00, 0.0000000e+00, 0.0000000e+00, 0.0000000e+00
 260,    58,    26, 103.6184781,  69.0889641, -0.8999719, -0.0794742,  66.5344402,  18.6132544, 3.298059, 3.792531,  1.0000000,   4.1977197, 284.0007434, -35.7895822, 0.0000000e+00, 0.0000000e+00, 0.0000000e+00, 0.0000000e+00
 261,    58,    46, 101.4160078,  69.0889641, -0.9750158, -0.0031437,  66.5344402,  18.6132544, 3.615718, 4.092864,  1.0000000,   4.1977197, 286.9050324, -16.0015611, 0.0000000e+00, 0.0000000e+00, 0.0000000e+00, 0.0000000e+00
 84,   107,    42,  52.1537743,  69.0889641, -0.9634047, -0.0056107,  66.5344402,  18.6132544, 3.630336, 4.044171,  1.0000000,   4.1977197, 237.3183518, -12.7937868, 1.8373428e-01, 2.3749192e-01, 3.0505182e-01, 5.0337743e-01
 280,    88,    36,  72.2947838,  69.0889641, -0.9407578, -0.0395207,  66.5344402,  18.6132544, 3.478338, 3.952521,  1.0000000,   4.1977197, 255.7704249, -21.5390520, 0.0000000e+00, 0.0000000e+00, 0.0000000e+00, 0.0000000e+00
 284,    87,    76,  76.9601321,  68.8772617, -0.9484295,  0.1556122,  66.5333228,  18.6132544, 3.538967, 4.034457,  1.0000000,   4.1977029, 261.5797484, 18.0372990, 0.0000000e+00, 0.0000000e+00, 0.0000000e+00, 0.0000000e+00
 285,    87,    86,  81.2119881,  68.6821710, -0.9004483,  0.1950730,  66.5322504,  18.6132544, 3.337663, 3.867481,  1.0000000,   4.1976868, 263.0326392, 27.9313066, 0.0000000e+00, 0.0000000e+00, 0.0000000e+00, 0.0000000e+00
 282,    87,    56,  71.9375903,  69.0889641, -0.9884753,  0.0581059,  66.5344402,  18.6132544, 3.732912, 4.156505,  1.0000000,   4.1977197, 258.6751480, -1.7508810, 0.0000000e+00, 0.0000000e+00, 0.0000000e+00, 0.0000000e+00
 283,    87,    66,  73.8186495,  69.0802803, -0.9787751,  0.1088987,  66.5343952,  18.6132544, 3.671062, 4.133975,  1.0000000,   4.1977190, 260.1269834,  8.1436302, 0.0000000e+00, 0.0000000e+00, 0.0000000e+00, 0.0000000e+00
 299,   107,    56,  52.1419625,  69.0889641, -0.9845709,  0.0720436,  66.5344402,  18.6132544, 3.770974, 4.144002,  1.0000000,   4.1977197, 238.8874006,  1.1541142, 1.9107020e-01, 2.4697304e-01, 3.1722805e-01, 5.2831889e-01
 286,    87,    96,  86.4088686,  68.4950792, -0.8386299,  0.2251372,  66.5311780,  18.6132544, 3.108081, 3.644939,  1.0000000,   4.1976707, 264.4838238, 37.8254937, 0.0000000e+00, 0.0000000e+00, 0.0000000e+00, 0.0000000e+00
 295,   108,    16,  60.1813663,  69.0889641, -0.7817442, -0.0992783,  66.5344402,  18.6132544, 2.725540, 3.307900,  1.0000000,   4.1977197, 233.0778745, -38.4221036, 7.1832804e-02, 9.2854643e-02, 1.1927735e-01, 1.7716129e-01
 294,   108,     6,  65.9356428,  69.0889641, -0.6783396, -0.1051191,  66.5344402,  18.6132544, 2.398078, 2.790793,  0.9685320,   4.1977197, 231.6254705, -48.3156654, 2.1229797e-02, 2.7444625e-02, 3.5257587e-02, 4.4324158e-02
 252,    48,    36, 111.9780211,  69.0889641, -0.9456266, -0.0453139,  66.5344402,  18.6132544, 3.480983, 3.974030,  1.0000000,   4.1977197, 295.3466713, -27.3476310, 0.0000000e+00, 0.0000000e+00, 0.0000000e+00, 0.0000000e+00
 251,    48,    26, 113.4228797,  69.0889641, -0.9037036, -0.0795711,  66.5344402,  18.6132544, 3.314874, 3.808171,  1.0000000,   4.1977197, 293.8940563, -37.2414122, 0.0000000e+00, 0.0000000e+00, 0.0000000e+00, 0.0000000e+00
 250,    48,    16, 115.7180220,  69.0889641, -0.8503490, -0.1070203,  66.5344402,  18.6132544, 3.121890, 3.597685,  1.0000000,   4.1977197, 292.4423650, -47.1357166, 0.0000000e+00, 0.0000000e+00, 0.0000000e+00, 0.0000000e+00
 253,    48,    46, 111.4152401,  69.0889641, -0.9746218, -0.0059764,  66.5344402,  18.6132544, 3.602961, 4.091266,  1.0000000,   4.1977197, 296.7991411, -17.4535318, 0.0000000e+00, 0.0000000e+00, 0.0000000e+00, 0.0000000e+00
 214,   178,    16,  28.2615584,  47.4015663, -0.4905460,  0.0842132,  43.5942112,  18.6132544, 1.508326, 0.806574,  0.4292886,   3.7749244, 163.8203669, -28.2571617, -8.4181873e-02, -1.0874848e-01, -1.3957527e-01, -4.9449756e-01
 90,    99,    11,  70.0035023,  69.0889641, -0.7469384, -0.1093321,  66.5344402,  18.6132544, 2.651012, 3.168849,  1.0000000,   4.1977197, 240.5468947, -44.8026326, 0.0000000e+00, 0.0000000e+00, 0.0000000e+00, 0.0000000e+00
 350,   178,    26,  18.3691684,  48.7403977, -0.7063487,  0.0170415,  45.0463442,  18.6132544, 1.837496, 1.691647,  0.6287855,   3.8076918, 165.2724999, -18.3624032, 2.3265985e-02, 3.0119466e-02, 3.8766936e-02, -1.2798884e-01
 208,   137,    96,  53.1282668,  68.3465585, -0.6023437,  0.2025474,  66.5302917,  18.6132544, 2.104086, 2.108316,  0.7903550,   4.1976574, 215.0147114, 45.0870341, 4.1532322e-02, 5.3705396e-02, 6.9019803e-02, 2.5056528e-02
 339,   157,   106,  58.5955479,  68.1191086, -0.2991910,  0.0641697,  66.5288649,  18.6132544, 1.454809, 0.509741,  0.3968539,   4.1976359, 196.6788452, 57.8848941, -4.5700449e-02, -5.9045246e-02, -7.5796688e-02, -2.3470973e-01
 321,   138,    46,  21.4514120,  69.0889641, -0.9711217,  0.0334126,  66.5344402,  18.6132544, 3.828543, 4.078909,  1.0000000,   4.1977197, 207.7533108, -4.3841187, 3.1307954e-01, 4.0468081e-01, 5.1980015e-01, 8.6057618e-01
 205,   138,    36,  24.2054236,  69.0889641, -0.9249769, -0.0238951,  66.5344402,  18.6132544, 3.287227, 3.884089,  1.0000000,   4.1977197, 206.3003774, -14.2776389, 2.8942840e-01, 3.7411356e-01, 4.8054393e-01, 7.7990124e-01
 320,   138,    26,  30.1934761,  69.0889641, -0.8333415, -0.0625728,  66.5344402,  18.6132544, 2.646004, 3.507981,  1.0000000,   4.1977197, 204.8479996, -24.1711259, 2.4376895e-01, 3.1510229e-01, 4.0475826e-01, 6.2415511e-01
 298,   108,    46,  51.4242389,  69.0889641, -0.9755393,  0.0160978,  66.5344402,  18.6132544, 3.713949, 4.095598,  1.0000000,   4.1977197, 237.4341738, -8.7402716, 1.9511089e-01, 2.5219652e-01, 3.2393839e-01, 5.3714117e-01
 264,    57,   106, 117.1456261,  68.4038176, -0.8520521,  0.2310753,  66.5306373,  18.6132544, 3.209194, 3.705822,  1.0000000,   4.1976626, 295.6180188, 43.3622136, 0.0000000e+00, 0.0000000e+00, 0.0000000e+00, 0.0000000e+00
 242,    27,    86, 136.9884624,  68.8755935, -0.9677725,  0.1450611,  66.5333138,  18.6132544, 3.579648, 4.107804,  1.0000000,   4.1977028, 322.3958004, 19.2179138, 0.0000000e+00, 0.0000000e+00, 0.0000000e+00, 0.0000000e+00
 241,    27,    76, 134.5074836,  69.0785547, -0.9857273,  0.1075477,  66.5343863,  18.6132544, 3.620131, 4.162361,  1.0000000,   4.1977189, 320.9436133,  9.3238374, 0.0000000e+00, 0.0000000e+00, 0.0000000e+00, 0.0000000e+00
 244,    27,   106, 143.9081076,  68.4935540, -0.9041993,  0.2093537,  66.5311690,  18.6132544, 3.395788, 3.895939,  1.0000000,   4.1976705, 325.3005110, 39.0056491, 0.0000000e+00, 0.0000000e+00, 0.0000000e+00, 0.0000000e+00
 243,    27,    96, 140.1363302,  68.6805701, -0.9401846,  0.1793325,  66.5322414,  18.6132544, 3.501854, 4.017752,  1.0000000,   4.1976867, 323.8478119, 29.1118839, 0.0000000e+00, 0.0000000e+00, 0.0000000e+00, 0.0000000e+00
 134,    72,    30,  88.9959076,  69.0889641, -0.9151122, -0.0655046,  66.5344402,  18.6132544, 3.356719, 3.851213,  1.0000000,   4.1977197, 270.6044629, -29.8367061, 0.0000000e+00, 0.0000000e+00, 0.0000000e+00, 0.0000000e+00
 135,    67,    33,  93.4511208,  69.0889641, -0.9315857, -0.0541544,  66.5344402,  18.6132544, 3.428516, 3.917137,  1.0000000,   4.1977197, 276.0942357, -27.4292592, 0.0000000e+00, 0.0000000e+00, 0.0000000e+00, 0.0000000e+00
 138,    57,    39, 101.9570486,  69.0889641, -0.9553145, -0.0324461,  66.5344402,  18.6132544, 3.527999, 4.012455,  1.0000000,   4.1977197, 286.0939873, -22.9753914, 0.0000000e+00, 0.0000000e+00, 0.0000000e+00, 0.0000000e+00
 139,    54,    41, 104.9053638,  69.0889641, -0.9599371, -0.0273087,  66.5344402,  18.6132544, 3.545800, 4.031177,  1.0000000,   4.1977197, 289.3275993, -22.0203690, 0.0000000e+00, 0.0000000e+00, 0.0000000e+00, 0.0000000e+00
 136,    63,    35,  96.2780679,  69.0889641, -0.9410650, -0.0463530,  66.5344402,  18.6132544, 3.469080, 3.955116,  1.0000000,   4.1977197, 279.5188392, -25.7900397, 0.0000000e+00, 0.0000000e+00, 0.0000000e+00, 0.0000000e+00
 137,    60,    38,  98.9635611,  69.0889641, -0.9492188, -0.0387002,  66.5344402,  18.6132544, 3.503385, 3.987865,  1.0000000,   4.1977197, 282.7205476, -24.1914363, 0.0000000e+00, 0.0000000e+00, 0.0000000e+00, 0.0000000e+00
 226,     7,    86, 156.2771235,  68.9418085, -0.9774852,  0.1306069,  66.5336683,  18.6132544, 3.593664, 4.139663,  1.0000000,   4.1977081, 342.1841172, 16.3132902, 0.0000000e+00, 0.0000000e+00, 0.0000000e+00, 0.0000000e+00
 198,    97,    96,  78.3439780,  68.4649416, -0.8078087,  0.2297799,  66.5310008,  18.6132544, 2.971351, 3.525426,  1.0000000,   4.1976680, 254.5901605, 39.2773454, 0.0000000e+00, 0.0000000e+00, 0.0000000e+00, 0.0000000e+00
 293,    97,   106,  84.8976247,  68.2872651, -0.7277630,  0.2446601,  66.5299284,  18.6132544, 2.726778, 3.222904,  1.0000000,   4.1976519, 256.0421348, 49.1711488, 0.0000000e+00, 0.0000000e+00, 0.0000000e+00, 0.0000000e+00
 177,    18,    36, 141.8571894,  69.0889641, -0.9477430, -0.0480894,  66.5344402,  18.6132544, 3.475767, 3.983478,  1.0000000,   4.1977197, 325.0286822, -31.7041004, 0.0000000e+00, 0.0000000e+00, 0.0000000e+00, 0.0000000e+00
 89,   116,    72,  49.2908972,  68.8802333, -0.9298145,  0.1593376,  66.5333388,  18.6132544, 3.440612, 3.959980,  1.0000000,   4.1977032, 232.8926942, 17.3721549, 2.0615327e-01, 2.6647148e-01, 3.4227721e-01, 5.6006219e-01
 362,   187,    76,  32.5004153,  45.5405259, -0.3660181, -0.0495928,  42.4135752,  18.6132544, 1.360323, 0.470051,  0.3395896,   3.7474685, 162.6397308, 32.5598908, -1.2503579e-01, -1.6154897e-01, -2.0738469e-01, -6.3385180e-01
 361,   187,    66,  22.6365134,  44.4849675, -0.5695432,  0.0263832,  40.9613712,  18.6132544, 1.570267, 0.988169,  0.4668284,   3.7126295, 161.1875268, 22.6661640, -6.2136339e-02, -8.0256355e-02, -1.0298404e-01, -4.1929941e-01
 364,   187,    96,  52.2290568,  47.7515862, -0.0746112, -0.2360645,  45.3183488,  18.6132544, 1.160408, 0.206236,  0.2184290,   3.8137120, 165.5445044, 52.3481846, -9.3038555e-02, -1.2021543e-01, -1.5433675e-01, -4.4018487e-01
 363,   187,    86,  42.3652555,  46.6297822, -0.1991681, -0.1429925,  43.8655045,  18.6132544, 1.238465, 0.246356,  0.2657362,   3.7811282, 164.0916602, 42.4545587, -1.4019327e-01, -1.8114278e-01, -2.3255495e-01, -6.6920672e-01
 365,   187,   106,  62.0934428,  48.9024499,  0.0147600, -0.3204110,  46.7707600,  18.6132544, 1.106810, 0.229339,  0.1859452,   3.8452582, 166.9969156, 62.2423969, -4.0655048e-02, -5.2530291e-02, -6.7439810e-02, -1.9332340e-01
 268,    67,    56,  91.8223998,  69.0889641, -0.9897836,  0.0463317,  66.5344402,  18.6132544, 3.697309, 4.159384,  1.0000000,   4.1977197, 278.4635614, -4.6551809, 0.0000000e+00, 0.0000000e+00, 0.0000000e+00, 0.0000000e+00
 342,   168,    36,   9.9330469,  59.3852236, -0.8948944, -0.0005169,  56.3928324,  18.6132544, 2.520163, 3.608521,  1.0000000,   4.0323421, 176.6189880, -9.9205305, 2.5597445e-01, 3.3087694e-01, 4.2501698e-01, 6.6578854e-01
 267,    68,    46,  91.4167835,  69.0889641, -0.9753682, -0.0000279,  66.5344402,  18.6132544, 3.630176, 4.094322,  1.0000000,   4.1977197, 277.0108457, -14.5489588, 0.0000000e+00, 0.0000000e+00, 0.0000000e+00, 0.0000000e+00
 266,    68,    36,  92.1027179,  69.0889641, -0.9436011, -0.0428168,  66.5344402,  18.6132544, 3.482349, 3.965049,  1.0000000,   4.1977197, 275.5591858, -24.4432519, 0.0000000e+00, 0.0000000e+00, 0.0000000e+00, 0.0000000e+00
 265,    68,    26,  93.8543081,  69.0889641, -0.8957054, -0.0792207,  66.5344402,  18.6132544, 3.276757, 3.774598,  1.0000000,   4.1977197, 274.1068554, -34.3367671, 0.0000000e+00, 0.0000000e+00, 0.0000000e+00, 0.0000000e+00
 341,   168,    26,  19.8206664,  58.0071378, -0.7543740, -0.0182982,  54.9397378,  18.6132544, 1.907190, 2.028566,  0.6710241,   4.0062369, 175.1658935, -19.8143969, 6.4167930e-02, 8.2982028e-02, 1.0665608e-01, 1.1529241e-02
 340,   168,    16,  29.7128899,  56.6346234, -0.5668216,  0.0162186,  53.4885719,  18.6132544, 1.584625, 1.073068,  0.4755304,   3.9794680, 173.7147275, -29.7087081, -5.1829517e-02, -6.6935595e-02, -8.5876752e-02, -3.8414245e-01
 269,    67,    66,  93.3039256,  69.0889641, -0.9866930,  0.0932848,  66.5344402,  18.6132544, 3.675415, 4.160330,  1.0000000,   4.1977197, 279.9160101,  5.2385896, 0.0000000e+00, 0.0000000e+00, 0.0000000e+00, 0.0000000e+00
 200,   118,    36,  42.9207010,  69.0889641, -0.9336466, -0.0320228,  66.5344402,  18.6132544, 3.434362, 3.921491,  1.0000000,   4.1977197, 226.0889696, -17.1818827, 2.6534920e-01, 3.4298821e-01, 4.4056262e-01, 7.1795310e-01
 289,    98,    26,  64.9938825,  69.0889641, -0.8782638, -0.0768109,  66.5344402,  18.6132544, 3.164383, 3.700778,  1.0000000,   4.1977197, 244.4247635, -29.9799939, 4.4583557e-02, 5.7629102e-02, 7.4024921e-02, 1.1747559e-01
 306,   118,    46,  41.4299526,  69.0889641, -0.9748506,  0.0213051,  66.5344402,  18.6132544, 3.745082, 4.093127,  1.0000000,   4.1977197, 227.5414842, -7.2877717, 2.9980035e-01, 3.8751611e-01, 4.9775217e-01, 8.2516373e-01
 194,    98,    16,  68.9200679,  69.0889641, -0.7981134, -0.1027465,  66.5344402,  18.6132544, 2.834649, 3.377904,  1.0000000,   4.1977197, 242.9723607, -39.8743620, 8.2066772e-03, 1.0608288e-02, 1.3626861e-02, 2.0529156e-02
 199,   118,    16,  51.9005603,  69.0889641, -0.7621279, -0.0939537,  66.5344402,  18.6132544, 2.584582, 3.223418,  1.0000000,   4.1977197, 223.1840922, -36.9695629, 1.2622725e-01, 1.6316901e-01, 2.0960277e-01, 3.0546863e-01
 288,    98,     6,  73.9979908,  69.0889641, -0.7039868, -0.1128822,  66.5344402,  18.6132544, 2.528376, 2.992888,  1.0000000,   4.1977197, 241.5197919, -49.7683091, 0.0000000e+00, 0.0000000e+00, 0.0000000e+00, 0.0000000e+00
 305,   118,    26,  46.5608502,  69.0889641, -0.8604180, -0.0723799,  66.5344402,  18.6132544, 3.000982, 3.624550,  1.0000000,   4.1977197, 224.6364225, -27.0755613, 2.0151451e-01, 2.6048079e-01, 3.3459144e-01, 5.2537002e-01
 222,     8,    46, 151.4122523,  69.0889641, -0.9729104, -0.0151187,  66.5344402,  18.6132544, 3.564067, 4.084498,  1.0000000,   4.1977197, 336.3743118, -23.2627955, 0.0000000e+00, 0.0000000e+00, 0.0000000e+00, 0.0000000e+00
 221,     8,    36, 151.8274282,  69.0889641, -0.9482816, -0.0488330,  66.5344402,  18.6132544, 3.473779, 3.985895,  1.0000000,   4.1977197, 334.9224900, -33.1567875, 0.0000000e+00, 0.0000000e+00, 0.0000000e+00, 0.0000000e+00
 220,     8,    26, 152.8971369,  69.0889641, -0.9148242, -0.0791189,  66.5344402,  18.6132544, 3.355604, 3.854511,  1.0000000,   4.1977197, 333.4707615, -43.0512863, 0.0000000e+00, 0.0000000e+00, 0.0000000e+00, 0.0000000e+00
 201,   117,    56,  42.3161724,  69.0889641, -0.9808661,  0.0798257,  66.5344402,  18.6132544, 3.786257, 4.131014,  1.0000000,   4.1977197, 228.9935005,  2.6060913, 2.9474516e-01, 3.8098119e-01, 4.8935711e-01, 8.1404551e-01
 87,   103,    21,  62.4481088,  69.0889641, -0.8275666, -0.0925711,  66.5344402,  18.6132544, 2.927137, 3.495559,  1.0000000,   4.1977197, 238.4937397, -34.9742709, 6.0984242e-02, 7.8829947e-02, 1.0125954e-01, 1.5582340e-01
 195,    98,    36,  62.4367818,  69.0889641, -0.9388782, -0.0374452,  66.5344402,  18.6132544, 3.471731, 3.944281,  1.0000000,   4.1977197, 245.8760206, -20.0865570, 7.4809227e-02, 9.6697677e-02, 1.2420634e-01, 2.0290266e-01
 49,   128,    28,  36.8697598,  69.0889641, -0.8607626, -0.0640912,  66.5344402,  18.6132544, 2.922108, 3.623242,  1.0000000,   4.1977197, 214.5393136, -24.2378534, 2.5776159e-01, 3.3318669e-01, 4.2798329e-01, 6.7188457e-01
 287,    87,   106,  92.3936592,  68.3160664, -0.7670474,  0.2447384,  66.5301056,  18.6132544, 2.879620, 3.379721,  1.0000000,   4.1976546, 265.9363476, 47.7191407, 0.0000000e+00, 0.0000000e+00, 0.0000000e+00, 0.0000000e+00
 277,    77,    86,  90.1320311,  68.7138545, -0.9180689,  0.1866543,  66.5324276,  18.6132544, 3.415684, 3.932611,  1.0000000,   4.1976895, 272.9257519, 26.4795178, 0.0000000e+00, 0.0000000e+00, 0.0000000e+00, 0.0000000e+00
 275,    78,    46,  81.4184507,  69.0889641, -0.9756479,  0.0034034,  66.5344402,  18.6132544, 3.646677, 4.095522,  1.0000000,   4.1977197, 267.1171565, -13.0972811, 0.0000000e+00, 0.0000000e+00, 0.0000000e+00, 0.0000000e+00
 191,    77,    56,  81.8723529,  69.0889641, -0.9893506,  0.0519641,  66.5344402,  18.6132544, 3.714486, 4.158741,  1.0000000,   4.1977197, 268.5687494, -3.2030753, 0.0000000e+00, 0.0000000e+00, 0.0000000e+00, 0.0000000e+00
 276,    77,    66,  83.5307432,  69.0889641, -0.9833321,  0.1008285,  66.5344402,  18.6132544, 3.675268, 4.149395,  1.0000000,   4.1977197, 270.0214640,  6.6906193, 0.0000000e+00, 0.0000000e+00, 0.0000000e+00, 0.0000000e+00
 192,    77,    76,  86.3196939,  68.9102612, -0.9588091,  0.1466589,  66.5335000,  18.6132544, 3.577012, 4.071609,  1.0000000,   4.1977056, 271.4731254, 16.5855028, 0.0000000e+00, 0.0000000e+00, 0.0000000e+00, 0.0000000e+00
 47,    97,     2,  76.5442113,  69.0889641, -0.6644095, -0.1125585,  66.5344402,  18.6132544, 2.420560, 2.778272,  0.9821574,   4.1977197, 241.2228477, -53.7831843, 0.0000000e+00, 0.0000000e+00, 0.0000000e+00, 0.0000000e+00
 355,   188,     6,  36.7007282,  37.2339742, -0.1921832,  0.3376795,  32.2477223,  18.6132544, 1.250103, 0.368148,  0.2727897,   3.4734474, 152.4738779, -36.6973426, -1.3740685e-01, -1.7753760e-01, -2.2791821e-01, -6.7604998e-01
 249,    37,   106, 134.8367387,  68.4634141, -0.8894797,  0.2168966,  66.5309918,  18.6132544, 3.345538, 3.843144,  1.0000000,   4.1976679, 315.4069726, 40.4582294, 0.0000000e+00, 0.0000000e+00, 0.0000000e+00, 0.0000000e+00
 185,    37,    96, 130.8039836,  68.6490976, -0.9298167,  0.1873403,  66.5320641,  18.6132544, 3.469458, 3.981510,  1.0000000,   4.1976840, 313.9538154, 30.5646201, 0.0000000e+00, 0.0000000e+00, 0.0000000e+00, 0.0000000e+00
 248,    37,    86, 127.4259414,  68.8428210, -0.9613354,  0.1528422,  66.5331366,  18.6132544, 3.565484, 4.086082,  1.0000000,   4.1977001, 312.5014029, 20.6697246, 0.0000000e+00, 0.0000000e+00, 0.0000000e+00, 0.0000000e+00
 184,    37,    76, 124.7556257,  69.0444647, -0.9825334,  0.1144909,  66.5342090,  18.6132544, 3.622042, 4.152303,  1.0000000,   4.1977162, 311.0490466, 10.7761720, 0.0000000e+00, 0.0000000e+00, 0.0000000e+00, 0.0000000e+00
 247,    37,    66, 122.8414308,  69.0889641, -0.9922047,  0.0736773,  66.5344402,  18.6132544, 3.660578, 4.176464,  1.0000000,   4.1977197, 309.5978485,  0.8820275, 0.0000000e+00, 0.0000000e+00, 0.0000000e+00, 0.0000000e+00
 314,   127,    56,  32.5962351,  69.0889641, -0.9752399,  0.0880309,  66.5344402,  18.6132544, 3.789686, 4.110428,  1.0000000,   4.1977197, 219.0993365,  4.0585586, 3.1690594e-01, 4.0962613e-01, 5.2615122e-01, 8.7362818e-01
 91,    99,     8,  71.3779935,  69.0889641, -0.7215148, -0.1111260,  66.5344402,  18.6132544, 2.571516, 3.064429,  1.0000000,   4.1977197, 240.1471408, -47.3755873, 0.0000000e+00, 0.0000000e+00, 0.0000000e+00, 0.0000000e+00
 44,   105,    36,  54.8388513,  69.0889641, -0.9367769, -0.0358799,  66.5344402,  18.6132544, 3.460421, 3.935210,  1.0000000,   4.1977197, 238.1909894, -19.0253971, 1.4940529e-01, 1.9311991e-01, 2.4805905e-01, 4.0483829e-01
 311,   128,    26,  37.9449466,  69.0889641, -0.8483949, -0.0684486,  66.5344402,  18.6132544, 2.859561, 3.572896,  1.0000000,   4.1977197, 214.7423299, -25.6240714, 2.5164959e-01, 3.2528740e-01, 4.1783857e-01, 6.5103629e-01
 310,   128,    16,  44.3348793,  69.0889641, -0.7383068, -0.0858981,  66.5344402,  18.6132544, 2.401954, 3.029257,  0.9708814,   4.1977197, 213.2902134, -35.5177760, 1.5882581e-01, 2.0531271e-01, 2.6374778e-01, 3.6437211e-01
 313,   128,    46,  31.4367982,  69.0889641, -0.9735072,  0.0270750,  66.5344402,  18.6132544, 3.782703, 4.088091,  1.0000000,   4.1977197, 217.6469697, -5.8357259, 3.1419419e-01, 4.0612141e-01, 5.2165025e-01, 8.6437830e-01
 312,   128,    36,  33.3770289,  69.0889641, -0.9299035, -0.0284050,  66.5344402,  18.6132544, 3.386615, 3.905295,  1.0000000,   4.1977197, 216.1943789, -15.7299071, 2.9200280e-01, 3.7744076e-01, 4.8481691e-01, 7.8868260e-01
 41,    24,     8, 140.4850194,  69.0889641, -0.8214424, -0.1232641,  66.5344402,  18.6132544, 3.046005, 3.486791,  1.0000000,   4.1977197, 314.4073845, -58.6693234, 0.0000000e+00, 0.0000000e+00, 0.0000000e+00, 0.0000000e+00