 ID     X      Y      Rrup         D           Rfn         Rfp          s            h          ctildepr    IDP          C          S            U            T         fD 2.00s        fD 3.00s        fD 5.00s        fD 10.00s    
 217,   177,    76,  31.0521991,  18.6177833,  0.0086814, -0.8101377,   7.3100893,  19.0392072, 1.027550, 0.329218,  0.1379091,   2.9465004, 172.5339031, 31.1072956, -1.4213296e-01, -1.8364573e-01, -2.3576262e-01, -6.9217092e-01
 216,   177,    56,  11.3248948,  21.2711345,  0.3251938, -0.3688514,  10.2149452,  19.0392072, 1.539624, 0.649477,  0.4482571,   2.9465004, 169.6290472, 11.3203431, -1.0325346e-01, -1.3339702e-01, -1.7123034e-01, -5.5955147e-01
 352,   177,    66,  21.1882978,  19.9209757,  0.1124662, -0.6451223,   8.7626232,  19.0392072, 1.171336, 0.434243,  0.2250518,   2.9465004, 171.0813692, 21.2135694, -1.2938295e-01, -1.6716734e-01, -2.1460012e-01, -6.4868016e-01
 215,   178,    36,   8.4825313,  23.1214388,  0.4467105,  0.2422790,  13.1190520,  19.0392072, 1.946332, 1.040286,  0.6947467,   2.9465004, 166.7249404, -8.4678712, -5.5809303e-02, -7.2079157e-02, -9.2482410e-02, -3.9771765e-01
 351,   178,    46,   1.5103902,  22.3294663,  0.5123814, -0.0350053,  11.6667757,  19.0392072, 3.325100, 1.513251,  1.0000000,   2.9465004, 168.1772167,  1.4257576, 1.6087084e-03, 2.1291297e-03, 2.8201379e-03, -2.0186263e-01
 257,    47,    86, 117.9367205,  19.2658353, -0.9121444,  0.1767645,   6.9151226,  19.0392072, 1.202870, 0.668431,  0.2441638,   2.9465004, 302.6076666, 22.1222821, -0.0000000e+00, -0.0000000e+00, -0.0000000e+00, -0.0000000e+00
 256,    47,    76, 115.0481218,  19.9826972, -0.9601980,  0.1313606,   6.9161950,  19.0392072, 1.197242, 0.687489,  0.2407530,   2.9465004, 301.1562858, 12.2283665, -0.0000000e+00, -0.0000000e+00, -0.0000000e+00, -0.0000000e+00
 347,   167,    86,  39.4684369,  16.9551262,  0.0160535, -0.9071724,   4.0364249,  19.0392072, 0.957583, 0.255324,  0.0955051,   2.9465004, 183.8804173, 39.5489811, -1.5110371e-01, -1.9523971e-01, -2.5065228e-01, -7.2277046e-01
 255,    47,    66, 112.9682610,  20.2566239, -0.9833491,  0.0783683,   6.9166034,  19.0392072, 1.201912, 0.708005,  0.2435833,   2.9465004, 299.7036402,  2.3341417, -0.0000000e+00, -0.0000000e+00, -0.0000000e+00, -0.0000000e+00
 254,    47,    56, 111.7472957,  20.2566239, -0.9779910,  0.0231180,   6.9166034,  19.0392072, 1.210815, 0.717671,  0.2489791,   2.9465004, 298.2507476, -7.5601347, -0.0000000e+00, -0.0000000e+00, -0.0000000e+00, -0.0000000e+00
 344,   167,    56,   9.8764363,  18.7733278,  0.0119204, -0.4654690,   0.3204903,  19.0392072, 1.547637, 0.621650,  0.4531131,   2.9465004, 179.5235021,  9.8675049, -1.0663164e-01, -1.3776305e-01, -1.7683744e-01, -5.7107455e-01
 343,   168,    46,   0.4992125,  19.1215262,  0.0903441, -0.0002860,   1.7723866,  19.0392072, 3.998132, 0.589300,  1.0000000,   2.9465004, 178.0716057, -0.0268157, -1.1055897e-01, -1.4283882e-01, -1.8335603e-01, -5.8447084e-01
 346,   167,    76,  29.6043621,  17.4278726, -0.0040791, -0.8552610,   2.5836047,  19.0392072, 1.023008, 0.340602,  0.1351565,   2.9465004, 182.4275971, 29.6550810, -1.4075092e-01, -1.8185955e-01, -2.3346871e-01, -6.8745673e-01
 258,    47,    96, 121.5777089,  18.5529138, -0.8445616,  0.2108521,   6.9140503,  19.0392072, 1.206388, 0.631719,  0.2462955,   2.9465004, 304.0602716, 32.0156098, -0.0000000e+00, -0.0000000e+00, -0.0000000e+00, -0.0000000e+00
 345,   167,    66,  19.7407577,  18.0384140, -0.0161670, -0.7366118,   1.1310331,  19.0392072, 1.160194, 0.473917,  0.2182992,   2.9465004, 180.9750255, 19.7616525, -1.2456652e-01, -1.6094247e-01, -2.0660579e-01, -6.3225110e-01
 88,   102,    16,  65.5523885,  20.2566239, -0.4469961,  0.0424915,   6.9166034,  19.0392072, 1.244485, 0.356399,  0.2693850,   2.9465004, 238.8568467, -39.7850196, -2.0582524e-02, -2.6593889e-02, -3.4140682e-02, -1.0094818e-01
 336,   158,    46,   1.9712118,  20.2566239, -0.3783432,  0.0630251,   6.9166034,  19.0392072, 3.387003, 1.130150,  1.0000000,   2.9465004, 187.9650782, -1.4786494, -4.4899803e-02, -5.7979482e-02, -7.4374797e-02, -3.6050493e-01
 210,   158,    36,  11.3835062,  20.1734140, -0.2050628,  0.4298141,   6.6689747,  19.0392072, 1.636203, 0.711127,  0.5067899,   2.9465004, 186.5129671, -11.3725863, -9.5769146e-02, -1.2372413e-01, -1.5880785e-01, -5.3402218e-01
 335,   158,    26,  21.2728674,  19.7408017, -0.0681894,  0.6726588,   5.2161138,  19.0392072, 1.269370, 0.566700,  0.2844668,   2.9465004, 185.0601062, -21.2670260, -1.1330264e-01, -1.4638480e-01, -1.8790999e-01, -5.9382962e-01
 209,   158,    16,  31.1647096,  19.4077673, -0.0119735,  0.8024007,   3.7643090,  19.0392072, 1.126457, 0.467831,  0.1978529,   2.9465004, 183.6083014, -31.1607225, -1.2530536e-01, -1.6189737e-01, -2.0783212e-01, -6.3477132e-01
 176,    18,    16, 144.8274252,  20.2566239, -0.7576094, -0.1191559,   6.9166034,  19.0392072, 1.185760, 0.528312,  0.2337937,   2.9465004, 322.1241591, -51.4921386, -0.0000000e+00, -0.0000000e+00, -0.0000000e+00, -0.0000000e+00
 229,    18,     6, 147.3111653,  20.2566239, -0.6722863, -0.1238929,   6.9166034,  19.0392072, 1.178708, 0.462310,  0.2295198,   2.9465004, 320.6714753, -61.3857252, -0.0000000e+00, -0.0000000e+00, -0.0000000e+00, -0.0000000e+00
 319,   127,   106,  66.4880358,  16.9150246, -0.0762810, -0.2331875,   6.9115599,  19.0392072, 1.115952, 0.138428,  0.1914859,   2.9465004, 226.3605291, 53.5277549, -1.9350318e-02, -2.5002918e-02, -3.2100142e-02, -9.0278193e-02
 230,    18,    26, 143.0007888,  20.2566239, -0.8344399, -0.1019763,   6.9166034,  19.0392072, 1.190586, 0.586345,  0.2367187,   2.9465004, 323.5762886, -41.5985974, -0.0000000e+00, -0.0000000e+00, -0.0000000e+00, -0.0000000e+00
 66,    21,    43, 137.9825165,  20.2566239, -0.9334330, -0.0476078,   6.9166034,  19.0392072, 1.195055, 0.659367,  0.2394272,   2.9465004, 322.5628126, -24.4271217, -0.0000000e+00, -0.0000000e+00, -0.0000000e+00, -0.0000000e+00
 300,   107,    66,  54.7072236,  19.9887021, -0.8930723,  0.1146251,   6.9162040,  19.0392072, 1.296093, 0.797664,  0.3006623,   2.9465004, 240.3390912, 11.0479847, -4.3463891e-02, -5.6148190e-02, -7.2065003e-02, -2.5395555e-01
 281,    88,    46,  71.4198370,  20.2566239, -0.9279067, -0.0108232,   6.9166034,  19.0392072, 1.275970, 0.788744,  0.2884668,   2.9465004, 257.2230372, -11.6442673, -0.0000000e+00, -0.0000000e+00, -0.0000000e+00, -0.0000000e+00
 296,   108,    26,  55.6420252,  20.2566239, -0.5999785,  0.0075301,   6.9166034,  19.0392072, 1.297285, 0.532841,  0.3013846,   2.9465004, 234.5303861, -28.5277690, -5.6193829e-02, -7.2602197e-02, -9.3198857e-02, -2.9091682e-01
 297,   108,    36,  52.6337149,  20.2566239, -0.7797788, -0.0182277,   6.9166034,  19.0392072, 1.330853, 0.739412,  0.3217289,   2.9465004, 235.9828412, -18.6341085, -5.3450737e-02, -6.9051950e-02, -8.8630824e-02, -3.0235246e-01
 231,    18,    46, 141.4126600,  20.2566239, -0.9476700, -0.0351980,   6.9166034,  19.0392072, 1.192480, 0.664655,  0.2378667,   2.9465004, 326.4803705, -21.8100085, -0.0000000e+00, -0.0000000e+00, -0.0000000e+00, -0.0000000e+00
 279,    88,    26,  74.5145691,  20.2566239, -0.6967877, -0.0563375,   6.9166034,  19.0392072, 1.257003, 0.570501,  0.2769713,   2.9465004, 254.3190654, -31.4328762, -0.0000000e+00, -0.0000000e+00, -0.0000000e+00, -0.0000000e+00
 178,    17,    56, 141.6753629,  20.2566239, -0.9782484,  0.0096270,   6.9166034,  19.0392072, 1.189326, 0.680152,  0.2359551,   2.9465004, 327.9330324, -11.9165048, -0.0000000e+00, -0.0000000e+00, -0.0000000e+00, -0.0000000e+00
 85,   110,    51,  49.3280184,  20.2566239, -0.9346914,  0.0302165,   6.9166034,  19.0392072, 1.347604, 0.914501,  0.3318812,   2.9465004, 235.9322187, -3.8931231, -4.8978526e-02, -6.3266459e-02, -8.1191310e-02, -3.0994545e-01
 232,    17,    66, 142.6394054,  20.2566239, -0.9894126,  0.0578186,   6.9166034,  19.0392072, 1.183539, 0.678813,  0.2324481,   2.9465004, 329.3847883, -2.0226668, -0.0000000e+00, -0.0000000e+00, -0.0000000e+00, -0.0000000e+00
 219,     8,    16, 154.6066173,  20.2566239, -0.7727732, -0.1212257,   6.9166034,  19.0392072, 1.181521, 0.532933,  0.2312251,   2.9465004, 332.0182094, -52.9450971, -0.0000000e+00, -0.0000000e+00, -0.0000000e+00, -0.0000000e+00
 179,    17,    76, 144.2929871,  20.2566239, -0.9812418,  0.1059115,   6.9166034,  19.0392072, 1.175370, 0.661565,  0.2274967,   2.9465004, 330.8378297,  7.8719951, -0.0000000e+00, -0.0000000e+00, -0.0000000e+00, -0.0000000e+00
 240,    27,    66, 132.7325096,  20.2566239, -0.9882057,  0.0641356,   6.9166034,  19.0392072, 1.188818, 0.687590,  0.2356474,   2.9465004, 319.4909426, -0.5706710, -0.0000000e+00, -0.0000000e+00, -0.0000000e+00, -0.0000000e+00
 239,    27,    56, 131.6963224,  20.2566239, -0.9784017,  0.0136843,   6.9166034,  19.0392072, 1.195411, 0.690924,  0.2396428,   2.9465004, 318.0395751, -10.4643410, -0.0000000e+00, -0.0000000e+00, -0.0000000e+00, -0.0000000e+00
 238,    28,    46, 131.4140810,  20.2566239, -0.9464837, -0.0331835,   6.9166034,  19.0392072, 1.198919, 0.674664,  0.2417694,   2.9465004, 316.5873184, -20.3576594, -0.0000000e+00, -0.0000000e+00, -0.0000000e+00, -0.0000000e+00
 237,    28,    36, 131.8914611,  20.2566239, -0.8939113, -0.0724546,   6.9166034,  19.0392072, 1.199196, 0.639331,  0.2419372,   2.9465004, 315.1347254, -30.2521381, -0.0000000e+00, -0.0000000e+00, -0.0000000e+00, -0.0000000e+00
 236,    28,    26, 133.1205592,  20.2566239, -0.8237252, -0.1007868,   6.9166034,  19.0392072, 1.196299, 0.587293,  0.2401813,   2.9465004, 313.6824655, -40.1456568, -0.0000000e+00, -0.0000000e+00, -0.0000000e+00, -0.0000000e+00
 158,    96,    41,  62.9590731,  20.2566239, -0.8762421, -0.0254426,   6.9166034,  19.0392072, 1.298965, 0.781088,  0.3024032,   2.9465004, 247.8696318, -15.1420644, -2.0483444e-02, -2.6461514e-02, -3.3963263e-02, -1.1853434e-01
 159,    98,    40,  61.1940919,  20.2566239, -0.8527247, -0.0288880,   6.9166034,  19.0392072, 1.303711, 0.767471,  0.3052794,   2.9465004, 245.6602447, -16.5921592, -2.6103366e-02, -3.3721881e-02, -4.3282397e-02, -1.4990307e-01
 160,   101,    38,  58.8310421,  20.2566239, -0.8300377, -0.0286686,   6.9166034,  19.0392072, 1.310491, 0.757124,  0.3093882,   2.9465004, 242.9119965, -17.5460313, -3.3575808e-02, -4.3375490e-02, -5.5673359e-02, -1.9172447e-01
 161,   103,    37,  56.7880157,  20.2566239, -0.8087380, -0.0267726,   6.9166034,  19.0392072, 1.316478, 0.746312,  0.3130172,   2.9465004, 240.5127051, -18.3123178, -4.0295554e-02, -5.2056830e-02, -6.6816594e-02, -2.2876649e-01
 128,    90,    39,  69.0593516,  20.2566239, -0.8563732, -0.0397950,   6.9166034,  19.0392072, 1.281317, 0.736860,  0.2917071,   2.9465004, 253.2662759, -18.5994642, -2.9048855e-03, -3.7527694e-03, -4.8168323e-03, -1.6410123e-02
 162,    76,    26,  85.8848064,  20.2566239, -0.7317693, -0.0750220,   6.9166034,  19.0392072, 1.239369, 0.577160,  0.2662841,   2.9465004, 265.8845264, -33.3969323, -0.0000000e+00, -0.0000000e+00, -0.0000000e+00, -0.0000000e+00
 163,    78,    28,  82.9778774,  20.2566239, -0.7540298, -0.0712292,   6.9166034,  19.0392072, 1.245915, 0.603104,  0.2702515,   2.9465004, 263.8085362, -30.8008851, -0.0000000e+00, -0.0000000e+00, -0.0000000e+00, -0.0000000e+00
 164,    81,    30,  79.7908997,  20.2566239, -0.7725980, -0.0663761,   6.9166034,  19.0392072, 1.252998, 0.627291,  0.2745440,   2.9465004, 261.3297743, -28.3862078, -0.0000000e+00, -0.0000000e+00, -0.0000000e+00, -0.0000000e+00
 165,    85,    34,  75.4718874,  20.2566239, -0.8142029, -0.0566523,   6.9166034,  19.0392072, 1.264331, 0.676756,  0.2814129,   2.9465004, 258.3458090, -23.9021870, -0.0000000e+00, -0.0000000e+00, -0.0000000e+00, -0.0000000e+00
 166,    87,    35,  72.4888597,  20.2566239, -0.8215757, -0.0515372,   6.9166034,  19.0392072, 1.271322, 0.692852,  0.2856496,   2.9465004, 255.6954027, -22.4138057, -0.0000000e+00, -0.0000000e+00, -0.0000000e+00, -0.0000000e+00
 150,    63,    52,  95.8787737,  20.2566239, -0.9654476,  0.0080377,   6.9166034,  19.0392072, 1.230414, 0.742083,  0.2608567,   2.9465004, 282.1748860, -9.4129678, -0.0000000e+00, -0.0000000e+00, -0.0000000e+00, -0.0000000e+00
 151,    68,    50,  90.6551289,  20.2566239, -0.9579986,  0.0009701,   6.9166034,  19.0392072, 1.238454, 0.750087,  0.2657296,   2.9465004, 276.8189255, -10.3730977, -0.0000000e+00, -0.0000000e+00, -0.0000000e+00, -0.0000000e+00
 149,    60,    54,  99.5346947,  20.2566239, -0.9711329,  0.0157100,   6.9166034,  19.0392072, 1.224939, 0.737028,  0.2575385,   2.9465004, 285.9510432, -8.2560345, -0.0000000e+00, -0.0000000e+00, -0.0000000e+00, -0.0000000e+00
 154,    82,    48,  76.5493427,  20.2566239, -0.9419934, -0.0045527,   6.9166034,  19.0392072, 1.263942, 0.780439,  0.2811769,   2.9465004, 262.5644590, -10.6455484, -0.0000000e+00, -0.0000000e+00, -0.0000000e+00, -0.0000000e+00
 155,    86,    46,  72.6086022,  20.2566239, -0.9292295, -0.0111697,   6.9166034,  19.0392072, 1.273172, 0.785228,  0.2867707,   2.9465004, 258.4120314, -11.7402045, -0.0000000e+00, -0.0000000e+00, -0.0000000e+00, -0.0000000e+00
 152,    74,    49,  84.8395561,  20.2566239, -0.9521540, -0.0015765,   6.9166034,  19.0392072, 1.247970, 0.761691,  0.2714968,   2.9465004, 270.9455532, -10.5068895, -0.0000000e+00, -0.0000000e+00, -0.0000000e+00, -0.0000000e+00
 153,    79,    49,  80.2352271,  20.2566239, -0.9474791, -0.0026393,   6.9166034,  19.0392072, 1.256385, 0.772192,  0.2765970,   2.9465004, 266.3088723, -10.4649357, -0.0000000e+00, -0.0000000e+00, -0.0000000e+00, -0.0000000e+00
 156,    90,    44,  69.1530197,  20.2566239, -0.9113616, -0.0187319,   6.9166034,  19.0392072, 1.281974, 0.784565,  0.2921056,   2.9465004, 254.6378042, -13.2127296, -2.4521157e-03, -3.1677560e-03, -4.0657924e-03, -1.4218305e-02
 157,    93,    43,  65.7073317,  20.2566239, -0.8968594, -0.0215525,   6.9166034,  19.0392072, 1.291211, 0.786938,  0.2977037,   2.9465004, 250.9747465, -13.9193317, -1.2386599e-02, -1.6001556e-02, -2.0537843e-02, -7.1920652e-02
 193,    77,    96,  94.8434792,  18.2009708, -0.7116864,  0.2060284,   6.9135185,  19.0392072, 1.216677, 0.551298,  0.2525316,   2.9465004, 274.3785785, 36.3727463, -0.0000000e+00, -0.0000000e+00, -0.0000000e+00, -0.0000000e+00
 278,    77,   106, 100.3267629,  17.4947187, -0.5951157,  0.2002136,   6.9124461,  19.0392072, 1.206804, 0.456134,  0.2465477,   2.9465004, 275.8302521, 46.2667948, -0.0000000e+00, -0.0000000e+00, -0.0000000e+00, -0.0000000e+00
 228,     7,   106, 162.3790575,  18.3121635, -0.8802202,  0.2134238,   6.9136867,  19.0392072, 1.195614, 0.639868,  0.2397660,   2.9465004, 345.0884564, 36.1017231, -0.0000000e+00, -0.0000000e+00, -0.0000000e+00, -0.0000000e+00
 43,    77,    46,  81.5000415,  20.2566239, -0.9331705, -0.0169566,   6.9166034,  19.0392072, 1.255052, 0.758432,  0.2757892,   2.9465004, 267.1857397, -13.1834930, -0.0000000e+00, -0.0000000e+00, -0.0000000e+00, -0.0000000e+00
 356,   188,    16,  26.8083098,  32.1593468,  0.2836332,  0.3297473,  25.9177966,  19.0392072, 1.340868, 0.464075,  0.3277990,   3.2549299, 153.9261958, -26.8036748, -1.2576130e-01, -1.6248664e-01, -2.0858890e-01, -6.3632656e-01
 309,   117,   106,  71.7611471,  17.0306825, -0.1940509, -0.0790225,   6.9117372,  19.0392072, 1.150130, 0.131004,  0.2122002,   2.9465004, 236.2545277, 52.0752720, -0.0000000e+00, -0.0000000e+00, -0.0000000e+00, -0.0000000e+00
 357,   188,    26,  16.9171155,  31.0010510,  0.4833954,  0.2122107,  24.4657670,  19.0392072, 1.598831, 0.817190,  0.4841402,   3.1972749, 155.3782254, -16.9097695, -8.2893117e-02, -1.0708287e-01, -1.3743619e-01, -4.9010156e-01
 358,   188,    36,   7.0340925,  29.8683907,  0.6874377,  0.1000872,  23.0136776,  19.0392072, 2.289710, 1.966955,  0.9028546,   3.1360887, 156.8303148, -7.0164067, 5.6688340e-02, 7.3315243e-02, 9.4241437e-02, -1.3983925e-02
 359,   188,    46,   2.9213490,  28.7638066,  0.7329685, -0.0086696,  21.5607320,  19.0392072, 2.939677, 2.251011,  1.0000000,   3.0708737, 158.2832604,  2.8785041, 9.1172745e-02, 1.1788364e-01, 1.5147873e-01, 1.0364369e-01
 360,   187,    56,  12.7716966,  27.3548130,  0.5241734, -0.1739671,  20.1086700,  19.0392072, 1.630614, 0.834390,  0.5034023,   3.0011511, 159.7353224, 12.7715195, -8.0805111e-02, -1.0438428e-01, -1.3397051e-01, -4.8297930e-01
 307,   117,    66,  45.4388124,  19.8699836, -0.8404265,  0.1015749,   6.9160268,  19.0392072, 1.329483, 0.800429,  0.3208986,   2.9465004, 230.4453288, 12.5000303, -6.9530980e-02, -8.9822415e-02, -1.1528487e-01, -4.0693155e-01
 202,   117,    76,  50.3754940,  19.1536749, -0.6807465,  0.1040507,   6.9149543,  19.0392072, 1.282659, 0.593558,  0.2925204,   2.9465004, 231.8972801, 22.3943685, -7.1984064e-02, -9.3001062e-02, -1.1938119e-01, -3.8117841e-01
 308,   117,    86,  56.6529297,  18.4413597, -0.4994776,  0.0656436,   6.9138819,  19.0392072, 1.232584, 0.389160,  0.2621723,   2.9465004, 233.3497016, 32.2883298, -5.9997754e-02, -7.7520157e-02, -9.9517676e-02, -2.9690511e-01
 203,   117,    96,  63.8763923,  17.7335081, -0.3324588, -0.0004928,   6.9128095,  19.0392072, 1.187568, 0.230096,  0.2348898,   2.9465004, 234.8018294, 42.1820000, -3.1468476e-02, -4.0660337e-02, -5.2200831e-02, -1.4966450e-01
 213,   157,    96,  48.6284114,  17.2682506,  0.0651250, -0.7905099,   6.9121006,  19.0392072, 0.987240, 0.265215,  0.1134789,   2.9465004, 195.2267463, 47.9909622, -1.0678879e-01, -1.3798054e-01, -1.7714143e-01, -5.1197392e-01
 338,   157,    86,  38.6631583,  17.9728778,  0.0173023, -0.7416052,   6.9131730,  19.0392072, 1.034499, 0.310638,  0.1421205,   2.9465004, 193.7747248, 38.0971299, -1.4438857e-01, -1.8656093e-01, -2.3950648e-01, -6.9986489e-01
 212,   157,    76,  28.7012007,  18.6823124, -0.0644524, -0.6623523,   6.9142454,  19.0392072, 1.118265, 0.378222,  0.1928878,   2.9465004, 192.3216531, 28.2031755, -1.3618386e-01, -1.7595698e-01, -2.2588828e-01, -6.7187830e-01
 337,   157,    66,  18.7487718,  19.3960199, -0.1993748, -0.5266694,   6.9153178,  19.0392072, 1.294155, 0.496941,  0.2994878,   2.9465004, 190.8693703, 18.3092423, -1.2177134e-01, -1.5732993e-01, -2.0196635e-01, -6.2271666e-01
 211,   157,    56,   8.8368655,  20.1135923, -0.3624941, -0.2920863,   6.9163903,  19.0392072, 1.797204, 0.828996,  0.6043659,   2.9465004, 189.4173063,  8.4146743, -8.1459913e-02, -1.0523056e-01, -1.3505735e-01, -4.8521285e-01
 207,   137,    76,  35.7879001,  18.9177946, -0.3957147, -0.1253218,   6.9145999,  19.0392072, 1.274072, 0.351402,  0.2873165,   2.9465004, 212.1093890, 25.2984177, -1.3943979e-01, -1.8016502e-01, -2.3129249e-01, -6.8298441e-01
 322,   137,    66,  28.4280747,  19.6328373, -0.6243170, -0.0341211,   6.9156723,  19.0392072, 1.407916, 0.678764,  0.3684339,   2.9465004, 210.6574860, 15.4041368, -9.9698028e-02, -1.2880190e-01, -1.6532902e-01, -5.4742375e-01
 189,    57,    96, 112.4834994,  18.4354618, -0.8097709,  0.2142574,   6.9138730,  19.0392072, 1.210771, 0.614438,  0.2489521,   2.9465004, 294.1662215, 33.4682017, -0.0000000e+00, -0.0000000e+00, -0.0000000e+00, -0.0000000e+00
 227,     7,    96, 159.0447550,  19.0237174, -0.9280392,  0.1810624,   6.9147591,  19.0392072, 1.186427, 0.652482,  0.2341981,   2.9465004, 343.6359593, 26.2076245, -0.0000000e+00, -0.0000000e+00, -0.0000000e+00, -0.0000000e+00
 323,   137,    86,  44.1844921,  18.2068697, -0.2044882, -0.2337472,   6.9135274,  19.0392072, 1.179613, 0.210534,  0.2300686,   2.9465004, 213.5620520, 35.1926877, -1.3470633e-01, -1.7405437e-01, -2.2345680e-01, -6.3791659e-01
 225,     7,    76, 154.1057459,  20.2566239, -0.9850570,  0.0983061,   6.9166034,  19.0392072, 1.171692, 0.657080,  0.2252676,   2.9465004, 340.7317667,  6.4195763, -0.0000000e+00, -0.0000000e+00, -0.0000000e+00, -0.0000000e+00
 262,    57,    66, 103.1194881,  20.2566239, -0.9789620,  0.0862409,   6.9166034,  19.0392072, 1.210151, 0.719798,  0.2485763,   2.9465004, 289.8093175,  3.7869895, -0.0000000e+00, -0.0000000e+00, -0.0000000e+00, -0.0000000e+00
 324,   137,   106,  62.3835428,  16.7994860,  0.0244162, -0.4243641,   6.9113826,  19.0392072, 1.071228, 0.205880,  0.1643806,   2.9465004, 216.4668981, 54.9807790, -3.9886427e-02, -5.1537391e-02, -6.6165501e-02, -1.8869653e-01
 187,    57,    56, 101.7815109,  20.2566239, -0.9771558,  0.0285903,   6.9166034,  19.0392072, 1.220754, 0.734515,  0.2550027,   2.9465004, 288.3574659, -6.1076550, -0.0000000e+00, -0.0000000e+00, -0.0000000e+00, -0.0000000e+00
 223,     7,    56, 151.6576132,  20.2566239, -0.9779638,  0.0059479,   6.9166034,  19.0392072, 1.184038, 0.670699,  0.2327505,   2.9465004, 337.8270430, -13.3683088, -0.0000000e+00, -0.0000000e+00, -0.0000000e+00, -0.0000000e+00
 263,    57,    86, 108.5393225,  19.1477515, -0.8890933,  0.1842442,   6.9149454,  19.0392072, 1.210126, 0.664994,  0.2485613,   2.9465004, 292.7143495, 23.5741216, -0.0000000e+00, -0.0000000e+00, -0.0000000e+00, -0.0000000e+00
 224,     7,    66, 152.5595058,  20.2566239, -0.9901091,  0.0520048,   6.9166034,  19.0392072, 1.178905, 0.670863,  0.2296392,   2.9465004, 339.2797121, -3.4746879, -0.0000000e+00, -0.0000000e+00, -0.0000000e+00, -0.0000000e+00
 188,    57,    76, 105.3929076,  19.8640068, -0.9478952,  0.1402314,   6.9160178,  19.0392072, 1.206889, 0.696241,  0.2465992,   2.9465004, 291.2615375, 13.6800747, -0.0000000e+00, -0.0000000e+00, -0.0000000e+00, -0.0000000e+00
 86,   113,    60,  47.8492928,  20.2566239, -0.9200761,  0.0842494,   6.9166034,  19.0392072, 1.330557, 0.875370,  0.3215498,   2.9465004, 234.2294914,  6.0008565, -5.5989675e-02, -7.2325356e-02, -9.2821038e-02, -3.4408121e-01
 190,    78,    36,  82.1871028,  20.2566239, -0.8488830, -0.0575778,   6.9166034,  19.0392072, 1.253065, 0.688378,  0.2745846,   2.9465004, 265.6649616, -22.9907030, -0.0000000e+00, -0.0000000e+00, -0.0000000e+00, -0.0000000e+00
 274,    78,    26,  84.1450891,  20.2566239, -0.7301294, -0.0727629,   6.9166034,  19.0392072, 1.242056, 0.579223,  0.2679128,   2.9465004, 264.2124125, -32.8840935, -0.0000000e+00, -0.0000000e+00, -0.0000000e+00, -0.0000000e+00
 51,   159,    43,   4.2388877,  20.1631997, -0.2964508,  0.1789818,   6.6380128,  19.0392072, 2.491915, 1.020347,  1.0000000,   2.9465004, 186.4820052, -4.2094744, -5.8229864e-02, -7.5207542e-02, -9.6500062e-02, -4.0597427e-01
 204,   138,    16,  37.9136723,  20.2566239, -0.1322936,  0.4794094,   6.9166034,  19.0392072, 1.238389, 0.389336,  0.2656902,   2.9465004, 203.3964278, -34.0653364, -1.3483458e-01, -1.7421314e-01, -2.2364875e-01, -6.6727586e-01
 181,    38,    16, 125.3737722,  20.2566239, -0.7196946, -0.1111575,   6.9166034,  19.0392072, 1.195755, 0.514655,  0.2398513,   2.9465004, 302.3354725, -48.5878805, -0.0000000e+00, -0.0000000e+00, -0.0000000e+00, -0.0000000e+00
 245,    38,    26, 123.2596130,  20.2566239, -0.8111566, -0.0987981,   6.9166034,  19.0392072, 1.202845, 0.587845,  0.2441484,   2.9465004, 303.7882428, -38.6938434, -0.0000000e+00, -0.0000000e+00, -0.0000000e+00, -0.0000000e+00
 42,    54,    33, 105.6461207,  20.2566239, -0.8457970, -0.0786099,   6.9166034,  19.0392072, 1.220480, 0.637825,  0.2548363,   2.9465004, 288.1024339, -29.8443659, -0.0000000e+00, -0.0000000e+00, -0.0000000e+00, -0.0000000e+00
 246,    38,    46, 121.4136540,  20.2566239, -0.9450124, -0.0308644,   6.9166034,  19.0392072, 1.206434, 0.686248,  0.2463235,   2.9465004, 306.6921718, -18.9061887, -0.0000000e+00, -0.0000000e+00, -0.0000000e+00, -0.0000000e+00
 182,    38,    36, 121.9318464,  20.2566239, -0.8880159, -0.0711864,   6.9166034,  19.0392072, 1.206522, 0.646723,  0.2463770,   2.9465004, 305.2413595, -28.7999187, -0.0000000e+00, -0.0000000e+00, -0.0000000e+00, -0.0000000e+00
 183,    37,    56, 121.7192682,  20.2566239, -0.9783518,  0.0181659,   6.9166034,  19.0392072, 1.202487, 0.703306,  0.2439317,   2.9465004, 308.1447606, -9.0120080, -0.0000000e+00, -0.0000000e+00, -0.0000000e+00, -0.0000000e+00
 206,   137,    56,  23.1170094,  20.2566239, -0.8017088,  0.0163518,   6.9166034,  19.0392072, 1.561629, 1.090619,  0.4615935,   2.9465004, 209.2057367,  5.5102883, -4.9698836e-02, -6.4181856e-02, -8.2340242e-02, -3.7687461e-01
 290,    98,    46,  61.4217342,  20.2566239, -0.9197114, -0.0036537,   6.9166034,  19.0392072, 1.303545, 0.827019,  0.3051787,   2.9465004, 247.3288049, -10.1918093, -2.3361434e-02, -3.0178528e-02, -3.8732470e-02, -1.3897685e-01
 196,    97,    56,  62.0232275,  20.2566239, -0.9604397,  0.0548138,   6.9166034,  19.0392072, 1.291434, 0.844237,  0.2978389,   2.9465004, 248.7811020, -0.2984434, -2.1167606e-02, -2.7344179e-02, -3.5094157e-02, -1.2733630e-01
 291,    97,    66,  64.1957534,  20.1075632, -0.9266303,  0.1151585,   6.9163813,  19.0392072, 1.269007, 0.782054,  0.2842469,   2.9465004, 250.2334374,  9.5953002, -1.6863002e-02, -2.1784437e-02, -2.7960229e-02, -9.7637358e-02
 197,    97,    76,  67.7824928,  19.3900229, -0.8321626,  0.1569015,   6.9153088,  19.0392072, 1.256155, 0.689809,  0.2764578,   2.9465004, 251.6853080, 19.4898393, -7.2702562e-03, -9.3925414e-03, -1.2056100e-02, -4.0125790e-02
 292,    97,    86,  72.5725027,  18.6763667, -0.7014551,  0.1696545,   6.9142364,  19.0392072, 1.236207, 0.562160,  0.2643677,   2.9465004, 253.1381735, 29.3835404, -0.0000000e+00, -0.0000000e+00, -0.0000000e+00, -0.0000000e+00
 52,   125,    44,  34.1054869,  20.2566239, -0.8284879,  0.0276631,   6.9166034,  19.0392072, 1.459005, 0.975527,  0.3993967,   2.9465004, 219.6761507, -8.9163887, -6.3671076e-02, -8.2239884e-02, -1.0553140e-01, -4.2453445e-01
 326,   148,    26,  24.1565910,  20.2566239, -0.1948213,  0.5039080,   6.9166034,  19.0392072, 1.356435, 0.536832,  0.3372334,   2.9465004, 194.9543062, -22.7190560, -1.1692862e-01, -1.5107109e-01, -1.9392839e-01, -6.0619795e-01
 325,   148,    16,  33.3059053,  20.2566239, -0.0551610,  0.6720653,   6.9166034,  19.0392072, 1.187679, 0.466836,  0.2349572,   2.9465004, 193.5024522, -32.6126081, -1.2542607e-01, -1.6205338e-01, -2.0803248e-01, -6.3518308e-01
 50,   153,    24,  24.8986627,  20.2566239, -0.0889935,  0.6590314,   6.9166034,  19.0392072, 1.249178, 0.533422,  0.2722290,   2.9465004, 189.2073772, -24.7731341, -1.1734256e-01, -1.5160608e-01, -1.9461546e-01, -6.0760993e-01
 328,   148,    46,  11.4898844,  20.2566239, -0.6590429,  0.0716138,   6.9166034,  19.0392072, 2.043350, 1.471901,  0.7535456,   2.9465004, 197.8590703, -2.9313502, -3.4111867e-03, -4.3586919e-03, -5.5118956e-03, -2.1898569e-01
 327,   148,    36,  16.0550803,  20.2566239, -0.4322217,  0.2829682,   6.9166034,  19.0392072, 1.677093, 0.809155,  0.5315715,   2.9465004, 196.4061235, -12.8250108, -8.3868620e-02, -1.0834363e-01, -1.3905533e-01, -4.9342904e-01
 329,   147,    56,  14.3613666,  20.2324861, -0.6452045, -0.0854958,   6.9165674,  19.0392072, 1.748574, 1.102480,  0.5748931,   2.9465004, 199.3112654,  6.9628808, -4.8258928e-02, -6.2320888e-02, -7.9950279e-02, -3.7196303e-01
 68,   105,    31,  56.2588891,  20.2566239, -0.6916872, -0.0175718,   6.9166034,  19.0392072, 1.307098, 0.626563,  0.3073322,   2.9465004, 237.3542796, -24.5986437, -4.8568096e-02, -6.2747561e-02, -8.0544732e-02, -2.6064159e-01
 99,   116,    68,  47.3860861,  19.7911858, -0.8325507,  0.1082268,   6.9159091,  19.0392072, 1.318884, 0.777934,  0.3144753,   2.9465004, 232.1489382, 13.6138447, -6.6076991e-02, -8.5361650e-02, -1.0956167e-01, -3.8169096e-01
 259,    47,   106, 125.9042502,  17.8442752, -0.7635065,  0.2317354,   6.9129778,  19.0392072, 1.208327, 0.581807,  0.2474712,   2.9465004, 305.5119335, 41.9100389, -0.0000000e+00, -0.0000000e+00, -0.0000000e+00, -0.0000000e+00
 348,   167,    96,  49.3327399,  16.6316793,  0.0343365, -0.9316420,   5.4884703,  19.0392072, 0.920836, 0.201171,  0.0732342,   2.9465004, 185.3324627, 49.4431103, -1.0862567e-01, -1.4035573e-01, -1.8019379e-01, -5.1337147e-01
 349,   167,   106,  59.1971666,  16.4540204,  0.0492665, -0.9440033,   6.9108509,  19.0392072, 0.898145, 0.165674,  0.0594818,   2.9465004, 186.7846005, 59.3373559, -5.8330682e-02, -7.5369837e-02, -9.6763386e-02, -2.7363375e-01
 234,    17,   106, 153.0955261,  18.1950156, -0.8586212,  0.2204175,   6.9135095,  19.0392072, 1.199437, 0.632311,  0.2420828,   2.9465004, 335.1944159, 37.5535822, -0.0000000e+00, -0.0000000e+00, -0.0000000e+00, -0.0000000e+00
 233,    17,    86, 146.6089012,  19.6208086, -0.9550645,  0.1506788,   6.9156543,  19.0392072, 1.182782, 0.660915,  0.2319891,   2.9465004, 332.2898584, 17.7655348, -0.0000000e+00, -0.0000000e+00, -0.0000000e+00, -0.0000000e+00
 180,    17,    96, 149.5558575,  18.9058769, -0.9132030,  0.1894767,   6.9145820,  19.0392072, 1.191486, 0.652016,  0.2372641,   2.9465004, 333.7427623, 27.6592025, -0.0000000e+00, -0.0000000e+00, -0.0000000e+00, -0.0000000e+00
 331,   147,    76,  30.8587454,  18.8000414, -0.2128548, -0.3671228,   6.9144227,  19.0392072, 1.221716, 0.319582,  0.2555855,   2.9465004, 202.2158696, 26.7501779, -1.4330269e-01, -1.8515751e-01, -2.3770413e-01, -6.9616090e-01
 330,   147,    66,  21.9053994,  19.5143613, -0.4296557, -0.2294099,   6.9154950,  19.0392072, 1.410122, 0.530673,  0.3697710,   2.9465004, 200.7630581, 16.8569045, -1.1767632e-01, -1.5203743e-01, -1.9516943e-01, -6.0874838e-01
 333,   147,    96,  49.9362295,  17.3843546,  0.0295211, -0.5684418,   6.9122778,  19.0392072, 1.056807, 0.261036,  0.1556404,   2.9465004, 205.1200177, 46.5386597, -1.0059325e-01, -1.2997546e-01, -1.6686459e-01, -4.8180148e-01
 332,   147,    86,  40.2930866,  18.0898516, -0.0634372, -0.4812509,   6.9133503,  19.0392072, 1.118440, 0.276034,  0.1929940,   2.9465004, 203.6683450, 36.6443224, -1.4713782e-01, -1.9011461e-01, -2.4407116e-01, -7.0721696e-01
 334,   147,   106,  59.6870540,  16.6841883,  0.0865770, -0.6336090,   6.9112054,  19.0392072, 1.017208, 0.248048,  0.1316412,   2.9465004, 206.5723069, 56.4326468, -5.2247764e-02, -6.7508958e-02, -8.6669394e-02, -2.4949875e-01
 318,   127,    96,  57.8914197,  17.6169847, -0.1979814, -0.1423133,   6.9126323,  19.0392072, 1.158880, 0.156259,  0.2175028,   2.9465004, 224.9084775, 43.6342160, -6.5842465e-02, -8.5076053e-02, -1.0922493e-01, -3.0828161e-01
 317,   127,    86,  49.8091065,  18.3240617, -0.3599081, -0.0510812,   6.9137047,  19.0392072, 1.215627, 0.269804,  0.2518950,   2.9465004, 223.4561983, 33.7403923, -1.0051417e-01, -1.2987305e-01, -1.6673270e-01, -4.8241037e-01
 316,   127,    76,  42.5354728,  19.0356872, -0.5574417,  0.0242141,   6.9147771,  19.0392072, 1.287836, 0.486077,  0.2956584,   2.9465004, 222.0036405, 23.8462944, -1.1268713e-01, -1.4559353e-01, -1.8690104e-01, -5.7420574e-01
 315,   127,    66,  36.5574020,  19.7513233, -0.7566335,  0.0615598,   6.9158495,  19.0392072, 1.369184, 0.771602,  0.3449597,   2.9465004, 220.5512714, 13.9526014, -8.8427562e-02, -1.1423570e-01, -1.4662227e-01, -5.0897976e-01
 273,    67,   106, 108.6022817,  17.6110569, -0.6621362,  0.2192468,   6.9126233,  19.0392072, 1.209319, 0.509827,  0.2480721,   2.9465004, 285.7246502, 44.8151459, -0.0000000e+00, -0.0000000e+00, -0.0000000e+00, -0.0000000e+00
 272,    67,    96, 103.5560262,  18.3181514, -0.7662470,  0.2134980,   6.9136958,  19.0392072, 1.214383, 0.588611,  0.2511410,   2.9465004, 284.2719759, 34.9205095, -0.0000000e+00, -0.0000000e+00, -0.0000000e+00, -0.0000000e+00
 271,    67,    86,  99.2586828,  19.0297120, -0.8591931,  0.1896939,   6.9147681,  19.0392072, 1.217501, 0.656002,  0.2530307,   2.9465004, 282.8200165, 25.0268271, -0.0000000e+00, -0.0000000e+00, -0.0000000e+00, -0.0000000e+00
 270,    67,    76,  95.8097767,  19.7453187, -0.9311856,  0.1486409,   6.9158405,  19.0392072, 1.217541, 0.703108,  0.2530553,   2.9465004, 281.3679455, 15.1331044, -0.0000000e+00, -0.0000000e+00, -0.0000000e+00, -0.0000000e+00
 303,   107,    96,  70.7745369,  17.8501615, -0.4546893,  0.0942956,   6.9129868,  19.0392072, 1.204619, 0.335527,  0.2452234,   2.9465004, 244.6961592, 40.7298900, -0.0000000e+00, -0.0000000e+00, -0.0000000e+00, -0.0000000e+00
 304,   107,   106,  77.9661285,  17.1464229, -0.3119634,  0.0351684,   6.9119144,  19.0392072, 1.174527, 0.209967,  0.2269858,   2.9465004, 246.1483649, 50.6237918, -0.0000000e+00, -0.0000000e+00, -0.0000000e+00, -0.0000000e+00
 301,   107,    76,  58.8739371,  19.2717935, -0.7694423,  0.1420338,   6.9151316,  19.0392072, 1.270328, 0.657166,  0.2850470,   2.9465004, 241.7917034, 20.9421427, -3.7947314e-02, -4.9025391e-02, -6.2929409e-02, -2.0633936e-01
 302,   107,    86,  64.3293424,  18.5588068, -0.6131030,  0.1335432,   6.9140592,  19.0392072, 1.237700, 0.490453,  0.2652726,   2.9465004, 243.2447696, 30.8359078, -2.3166332e-02, -2.9931220e-02, -3.8423178e-02, -1.1821493e-01
 354,   177,   106,  60.6448928,  15.1109992, -0.0218872, -0.9668961,   2.9530791,  19.0392072, 0.887083, 0.150400,  0.0527777,   2.9465004, 176.8909132, 60.7894670, -5.1091810e-02, -6.6016575e-02, -8.4755529e-02, -2.3893548e-01
 218,   177,    96,  50.7805586,  16.1979956, -0.0288850, -0.9427836,   4.4057764,  19.0392072, 0.913765, 0.191624,  0.0689488,   2.9465004, 175.4382160, 50.8953067, -1.0175855e-01, -1.3148293e-01, -1.6880298e-01, -4.7994065e-01
 353,   177,    86,  40.9165873,  17.3721718, -0.0249166, -0.8973107,   5.8572915,  19.0392072, 0.955563, 0.249367,  0.0942807,   2.9465004, 173.9867009, 41.0015103, -1.4718807e-01, -1.9018059e-01, -2.4415768e-01, -7.0307894e-01
 186,    58,    36, 102.0336704,  20.2566239, -0.8724708, -0.0667725,   6.9166034,  19.0392072, 1.225378, 0.664686,  0.2578047,   2.9465004, 285.4522647, -25.8954802, -0.0000000e+00, -0.0000000e+00, -0.0000000e+00, -0.0000000e+00
 235,    28,    16, 135.0808107,  20.2566239, -0.7400890, -0.1159454,   6.9166034,  19.0392072, 1.190479, 0.522360,  0.2366542,   2.9465004, 312.2300246, -50.0399777, -0.0000000e+00, -0.0000000e+00, -0.0000000e+00, -0.0000000e+00
 260,    58,    26, 103.6184781,  20.2566239, -0.7784363, -0.0908681,   6.9166034,  19.0392072, 1.219238, 0.586739,  0.2540836,   2.9465004, 284.0007434, -35.7895822, -0.0000000e+00, -0.0000000e+00, -0.0000000e+00, -0.0000000e+00
 261,    58,    46, 101.4160078,  20.2566239, -0.9408167, -0.0249645,   6.9166034,  19.0392072, 1.225958, 0.715891,  0.2581562,   2.9465004, 286.9050324, -16.0015611, -0.0000000e+00, -0.0000000e+00, -0.0000000e+00, -0.0000000e+00
 84,   107,    42,  52.1537743,  20.2566239, -0.8660263, -0.0099677,   6.9166034,  19.0392072, 1.338556, 0.832940,  0.3263978,   2.9465004, 237.3183518, -12.7937868, -4.8173587e-02, -6.2230847e-02, -7.9869399e-02, -2.8766909e-01
 280,    88,    36,  72.2947838,  20.2566239, -0.8320430, -0.0495043,   6.9166034,  19.0392072, 1.272347, 0.703067,  0.2862708,   2.9465004, 255.7704249, -21.5390520, -0.0000000e+00, -0.0000000e+00, -0.0000000e+00, -0.0000000e+00
 284,    87,    76,  76.9601321,  19.5083748, -0.8765771,  0.1594566,   6.9154861,  19.0392072, 1.242241, 0.703624,  0.2680246,   2.9465004, 261.5797484, 18.0372990, -0.0000000e+00, -0.0000000e+00, -0.0000000e+00, -0.0000000e+00
 285,    87,    86,  81.2119881,  18.7940351, -0.7689072,  0.1862900,   6.9144137,  19.0392072, 1.231285, 0.609322,  0.2613847,   2.9465004, 263.0326392, 27.9313066, -0.0000000e+00, -0.0000000e+00, -0.0000000e+00, -0.0000000e+00
 282,    87,    56,  71.9375903,  20.2566239, -0.9682136,  0.0480102,   6.9166034,  19.0392072, 1.266687, 0.807892,  0.2828409,   2.9465004, 258.6751480, -1.7508810, -0.0000000e+00, -0.0000000e+00, -0.0000000e+00, -0.0000000e+00
 283,    87,    66,  73.8186495,  20.2264427, -0.9484191,  0.1100732,   6.9165584,  19.0392072, 1.246962, 0.762078,  0.2708863,   2.9465004, 260.1269834,  8.1436302, -0.0000000e+00, -0.0000000e+00, -0.0000000e+00, -0.0000000e+00
 299,   107,    56,  52.1419625,  20.2566239, -0.9472077,  0.0604185,   6.9166034,  19.0392072, 1.325010, 0.889851,  0.3181879,   2.9465004, 238.8874006,  1.1541142, -4.4092772e-02, -5.6956694e-02, -7.3095995e-02, -2.7383092e-01
 286,    87,    96,  86.4088686,  18.0838779, -0.6433560,  0.1879602,   6.9133412,  19.0392072, 1.216801, 0.498872,  0.2526069,   2.9465004, 264.4838238, 37.8254937, -0.0000000e+00, -0.0000000e+00, -0.0000000e+00, -0.0000000e+00
 295,   108,    16,  60.1813663,  20.2566239, -0.4114379,  0.0794802,   6.9166034,  19.0392072, 1.251801, 0.338088,  0.2738187,   2.9465004, 233.0778745, -38.4221036, -4.6165944e-02, -5.9649505e-02, -7.6577247e-02, -2.2533691e-01
 294,   108,     6,  65.9356428,  20.2566239, -0.2451677,  0.1803163,   6.9166034,  19.0392072, 1.204007, 0.219567,  0.2448529,   2.9465004, 231.6254705, -48.3156654, -2.1059410e-02, -2.7210865e-02, -3.4934135e-02, -9.9925926e-02
 252,    48,    36, 111.9780211,  20.2566239, -0.8809820, -0.0693710,   6.9166034,  19.0392072, 1.215129, 0.655111,  0.2515933,   2.9465004, 295.3466713, -27.3476310, -0.0000000e+00, -0.0000000e+00, -0.0000000e+00, -0.0000000e+00
 251,    48,    26, 113.4228797,  20.2566239, -0.7962746, -0.0956619,   6.9166034,  19.0392072, 1.210411, 0.587781,  0.2487337,   2.9465004, 293.8940563, -37.2414122, -0.0000000e+00, -0.0000000e+00, -0.0000000e+00, -0.0000000e+00
 250,    48,    16, 115.7180220,  20.2566239, -0.6957683, -0.1041715,   6.9166034,  19.0392072, 1.201667, 0.504623,  0.2434344,   2.9465004, 292.4423650, -47.1357166, -0.0000000e+00, -0.0000000e+00, -0.0000000e+00, -0.0000000e+00
 253,    48,    46, 111.4152401,  20.2566239, -0.9431734, -0.0281549,   6.9166034,  19.0392072, 1.215310, 0.699810,  0.2517032,   2.9465004, 296.7991411, -17.4535318, -0.0000000e+00, -0.0000000e+00, -0.0000000e+00, -0.0000000e+00
 214,   178,    16,  28.2615584,  24.8846938,  0.1243644,  0.5677461,  16.0236255,  19.0392072, 1.221306, 0.437272,  0.2553372,   2.9465004, 163.8203669, -28.2571617, -1.2901517e-01, -1.6669201e-01, -2.1398967e-01, -6.4742562e-01
 90,    99,    11,  70.0035023,  20.2566239, -0.3851834,  0.0640936,   6.9166034,  19.0392072, 1.224323, 0.295881,  0.2571655,   2.9465004, 240.5468947, -44.8026326, -0.0000000e+00, -0.0000000e+00, -0.0000000e+00, -0.0000000e+00
 350,   178,    26,  18.3691684,  23.9754000,  0.2661315,  0.4375173,  14.5714925,  19.0392072, 1.414729, 0.562162,  0.3725628,   2.9465004, 165.2724999, -18.3624032, -1.1385353e-01, -1.4709677e-01, -1.8882434e-01, -5.9570869e-01
 208,   137,    96,  53.1282668,  17.5005568, -0.0678705, -0.3364626,   6.9124550,  19.0392072, 1.115474, 0.193368,  0.1911965,   2.9465004, 215.0147114, 45.0870341, -8.9209379e-02, -1.1526802e-01, -1.4798557e-01, -4.2090837e-01
 339,   157,   106,  58.5955479,  16.5690289,  0.0939820, -0.8225144,   6.9110282,  19.0392072, 0.957690, 0.233125,  0.0955700,   2.9465004, 196.6788452, 57.8848941, -5.8466321e-02, -7.5544137e-02, -9.6985512e-02, -2.7825461e-01
 321,   138,    46,  21.4514120,  20.2566239, -0.7904800,  0.0530847,   6.9166034,  19.0392072, 1.655531, 1.210393,  0.5185039,   2.9465004, 207.7533108, -4.3841187, -3.5158262e-02, -4.5389302e-02, -5.8205764e-02, -3.2727616e-01
 205,   138,    36,  24.2054236,  20.2566239, -0.5803648,  0.1485701,   6.9166034,  19.0392072, 1.547555, 0.799743,  0.4530639,   2.9465004, 206.3003774, -14.2776389, -8.5011181e-02, -1.0982030e-01, -1.4095175e-01, -4.9732636e-01
 320,   138,    26,  30.1934761,  20.2566239, -0.3235809,  0.3094974,   6.9166034,  19.0392072, 1.374240, 0.459162,  0.3480241,   2.9465004, 204.8479996, -24.1711259, -1.2635777e-01, -1.6325753e-01, -2.0957891e-01, -6.3836113e-01
 298,   108,    46,  51.4242389,  20.2566239, -0.9073736,  0.0055383,   6.9166034,  19.0392072, 1.341787, 0.877900,  0.3283555,   2.9465004, 237.4341738, -8.7402716, -4.6763195e-02, -6.0406811e-02, -7.7524781e-02, -2.8790050e-01
 264,    57,   106, 117.1456261,  17.7276245, -0.7176619,  0.2287247,   6.9128006,  19.0392072, 1.209597, 0.550943,  0.2482407,   2.9465004, 295.6180188, 43.3622136, -0.0000000e+00, -0.0000000e+00, -0.0000000e+00, -0.0000000e+00
 242,    27,    86, 136.9884624,  19.5023716, -0.9440505,  0.1594835,   6.9154771,  19.0392072, 1.189161, 0.665361,  0.2358551,   2.9465004, 322.3958004, 19.2179138, -0.0000000e+00, -0.0000000e+00, -0.0000000e+00, -0.0000000e+00
 241,    27,    76, 134.5074836,  20.2204403, -0.9761439,  0.1140014,   6.9165495,  19.0392072, 1.180475, 0.667736,  0.2305911,   2.9465004, 320.9436133,  9.3238374, -0.0000000e+00, -0.0000000e+00, -0.0000000e+00, -0.0000000e+00
 244,    27,   106, 143.9081076,  18.0779791, -0.8326620,  0.2263227,   6.9133323,  19.0392072, 1.202955, 0.620905,  0.2442150,   2.9465004, 325.3005110, 39.0056491, -0.0000000e+00, -0.0000000e+00, -0.0000000e+00, -0.0000000e+00
 243,    27,    96, 140.1363302,  18.7880668, -0.8949704,  0.1975853,   6.9144047,  19.0392072, 1.196566, 0.649055,  0.2403433,   2.9465004, 323.8478119, 29.1118839, -0.0000000e+00, -0.0000000e+00, -0.0000000e+00, -0.0000000e+00
 134,    72,    30,  88.9959076,  20.2566239, -0.7930037, -0.0754130,   6.9166034,  19.0392072, 1.238951, 0.624408,  0.2660309,   2.9465004, 270.6044629, -29.8367061, -0.0000000e+00, -0.0000000e+00, -0.0000000e+00, -0.0000000e+00
 135,    67,    33,  93.4511208,  20.2566239, -0.8357051, -0.0718676,   6.9166034,  19.0392072, 1.234855, 0.651358,  0.2635484,   2.9465004, 276.0942357, -27.4292592, -0.0000000e+00, -0.0000000e+00, -0.0000000e+00, -0.0000000e+00
 138,    57,    39, 101.9570486,  20.2566239, -0.8960357, -0.0559959,   6.9166034,  19.0392072, 1.225912, 0.682833,  0.2581287,   2.9465004, 286.0939873, -22.9753914, -0.0000000e+00, -0.0000000e+00, -0.0000000e+00, -0.0000000e+00
 139,    54,    41, 104.9053638,  20.2566239, -0.9079937, -0.0511920,   6.9166034,  19.0392072, 1.222670, 0.686429,  0.2561635,   2.9465004, 289.3275993, -22.0203690, -0.0000000e+00, -0.0000000e+00, -0.0000000e+00, -0.0000000e+00
 136,    63,    35,  96.2780679,  20.2566239, -0.8598411, -0.0671763,   6.9166034,  19.0392072, 1.232040, 0.665405,  0.2618424,   2.9465004, 279.5188392, -25.7900397, -0.0000000e+00, -0.0000000e+00, -0.0000000e+00, -0.0000000e+00
 137,    60,    38,  98.9635611,  20.2566239, -0.8803674, -0.0613479,   6.9166034,  19.0392072, 1.229224, 0.676429,  0.2601355,   2.9465004, 282.7205476, -24.1914363, -0.0000000e+00, -0.0000000e+00, -0.0000000e+00, -0.0000000e+00
 226,     7,    86, 156.2771235,  19.7393367, -0.9637727,  0.1421015,   6.9158316,  19.0392072, 1.176723, 0.655374,  0.2283167,   2.9465004, 342.1841172, 16.3132902, -0.0000000e+00, -0.0000000e+00, -0.0000000e+00, -0.0000000e+00
 198,    97,    96,  78.3439780,  17.9669793, -0.5584313,  0.1534905,   6.9131640,  19.0392072, 1.213440, 0.427582,  0.2505697,   2.9465004, 254.5901605, 39.2773454, -0.0000000e+00, -0.0000000e+00, -0.0000000e+00, -0.0000000e+00
 293,    97,   106,  84.8976247,  17.2623965, -0.4202633,  0.1147069,   6.9120916,  19.0392072, 1.190883, 0.304084,  0.2368987,   2.9465004, 256.0421348, 49.1711488, -0.0000000e+00, -0.0000000e+00, -0.0000000e+00, -0.0000000e+00
 177,    18,    36, 141.8571894,  20.2566239, -0.8989180, -0.0733327,   6.9166034,  19.0392072, 1.192887, 0.632777,  0.2381133,   2.9465004, 325.0286822, -31.7041004, -0.0000000e+00, -0.0000000e+00, -0.0000000e+00, -0.0000000e+00
 89,   116,    72,  49.2908972,  19.5190643, -0.7780269,  0.1144693,   6.9155021,  19.0392072, 1.302611, 0.705829,  0.3046128,   2.9465004, 232.8926942, 17.3721549, -6.6553756e-02, -8.5981007e-02, -1.1036253e-01, -3.7015180e-01
 362,   187,    76,  32.5004153,  24.1934737,  0.0533536, -0.5973606,  17.2042615,  19.0392072, 1.088542, 0.309025,  0.1748738,   2.9465004, 162.6397308, 32.5598908, -1.4458439e-01, -1.8681401e-01, -2.3983151e-01, -7.0053284e-01
 361,   187,    66,  22.6365134,  25.7702442,  0.2427993, -0.3962669,  18.6564656,  19.0392072, 1.254092, 0.376853,  0.2752074,   2.9465004, 161.1875268, 22.6661640, -1.3635001e-01, -1.7617171e-01, -2.2616405e-01, -6.7244503e-01
 364,   187,    96,  52.2290568,  21.0698375, -0.0761378, -0.8348246,  14.2994880,  19.0392072, 0.947065, 0.220154,  0.0891304,   2.9465004, 165.5445044, 52.3481846, -9.2037691e-02, -1.1892190e-01, -1.5267552e-01, -4.3677089e-01
 363,   187,    86,  42.3652555,  22.6262118, -0.0396654, -0.7411337,  15.7523322,  19.0392072, 1.000307, 0.265482,  0.1213980,   2.9465004, 164.0916602, 42.4545587, -1.3805438e-01, -1.7837843e-01, -2.2900481e-01, -6.6191087e-01
 365,   187,   106,  62.0934428,  19.5279405, -0.0847843, -0.8944097,  12.8470768,  19.0392072, 0.912025, 0.179729,  0.0678942,   2.9465004, 166.9969156, 62.2423969, -4.2242333e-02, -5.4581732e-02, -7.0074389e-02, -1.9873769e-01
 268,    67,    56,  91.8223998,  20.2566239, -0.9755817,  0.0346033,   6.9166034,  19.0392072, 1.232817, 0.754507,  0.2623131,   2.9465004, 278.4635614, -4.6551809, -0.0000000e+00, -0.0000000e+00, -0.0000000e+00, -0.0000000e+00
 342,   168,    36,   9.9330469,  19.3104133,  0.1110296,  0.4236351,   3.2250044,  19.0392072, 1.713112, 0.714109,  0.5534015,   2.9465004, 176.6189880, -9.9205305, -9.5407152e-02, -1.2325628e-01, -1.5820701e-01, -5.3278741e-01
 267,    68,    46,  91.4167835,  20.2566239, -0.9377404, -0.0211500,   6.9166034,  19.0392072, 1.238958, 0.735256,  0.2660352,   2.9465004, 277.0108457, -14.5489588, -0.0000000e+00, -0.0000000e+00, -0.0000000e+00, -0.0000000e+00
 266,    68,    36,  92.1027179,  20.2566239, -0.8620054, -0.0630300,   6.9166034,  19.0392072, 1.237776, 0.675682,  0.2653188,   2.9465004, 275.5591858, -24.4432519, -0.0000000e+00, -0.0000000e+00, -0.0000000e+00, -0.0000000e+00
 265,    68,    26,  93.8543081,  20.2566239, -0.7567888, -0.0836365,   6.9166034,  19.0392072, 1.229647, 0.584178,  0.2603923,   2.9465004, 274.1068554, -34.3367671, -0.0000000e+00, -0.0000000e+00, -0.0000000e+00, -0.0000000e+00
 341,   168,    26,  19.8206664,  19.6055099,  0.0706306,  0.6548576,   4.6780989,  19.0392072, 1.299040, 0.586971,  0.3024487,   2.9465004, 175.1658935, -19.8143969, -1.1084173e-01, -1.4320426e-01, -1.8382535e-01, -5.8543532e-01
 340,   168,    16,  29.7128899,  20.0014824,  0.0275584,  0.7667189,   6.1292648,  19.0392072, 1.147056, 0.475487,  0.2103368,   2.9465004, 173.7147275, -29.7087081, -1.2437593e-01, -1.6069615e-01, -2.0628945e-01, -6.3160100e-01
 269,    67,    66,  93.3039256,  20.2566239, -0.9724626,  0.0944446,   6.9166034,  19.0392072, 1.219918, 0.732653,  0.2544956,   2.9465004, 279.9160101,  5.2385896, -0.0000000e+00, -0.0000000e+00, -0.0000000e+00, -0.0000000e+00
 200,   118,    36,  42.9207010,  20.2566239, -0.7373762,  0.0123912,   6.9166034,  19.0392072, 1.377610, 0.760690,  0.3500665,   2.9465004, 226.0889696, -17.1818827, -8.1014297e-02, -1.0465951e-01, -1.3433232e-01, -4.6350593e-01
 289,    98,    26,  64.9938825,  20.2566239, -0.6544766, -0.0312658,   6.9166034,  19.0392072, 1.275172, 0.555985,  0.2879832,   2.9465004, 244.4247635, -29.9799939, -1.9123948e-02, -2.4707863e-02, -3.1716943e-02, -9.9833127e-02
 306,   118,    46,  41.4299526,  20.2566239, -0.8877161,  0.0175489,   6.9166034,  19.0392072, 1.398133, 0.948374,  0.3625050,   2.9465004, 227.5414842, -7.2877717, -6.3775437e-02, -8.2377145e-02, -1.0571177e-01, -4.1500708e-01
 194,    98,    16,  68.9200679,  20.2566239, -0.4838167,  0.0153910,   6.9166034,  19.0392072, 1.242665, 0.382647,  0.2682817,   2.9465004, 242.9723607, -39.8743620, -4.8829739e-03, -6.3090618e-03, -8.0993718e-03, -2.4120140e-02
 199,   118,    16,  51.9005603,  20.2566239, -0.3256974,  0.1726326,   6.9166034,  19.0392072, 1.258293, 0.301679,  0.2777532,   2.9465004, 223.1840922, -36.9695629, -8.7767926e-02, -1.1340301e-01, -1.4558691e-01, -4.2447701e-01
 288,    98,     6,  73.9979908,  20.2566239, -0.3230682,  0.0928262,   6.9166034,  19.0392072, 1.205814, 0.243595,  0.2459478,   2.9465004, 241.5197919, -49.7683091, -0.0000000e+00, -0.0000000e+00, -0.0000000e+00, -0.0000000e+00
 305,   118,    26,  46.5608502,  20.2566239, -0.5291718,  0.0683418,   6.9166034,  19.0392072, 1.323675, 0.498969,  0.3173790,   2.9465004, 224.6364225, -27.0755613, -9.4948229e-02, -1.2267409e-01, -1.5747809e-01, -4.8587560e-01
 222,     8,    46, 151.4122523,  20.2566239, -0.9486427, -0.0369614,   6.9166034,  19.0392072, 1.186899, 0.655922,  0.2344844,   2.9465004, 336.3743118, -23.2627955, -0.0000000e+00, -0.0000000e+00, -0.0000000e+00, -0.0000000e+00
 221,     8,    36, 151.8274282,  20.2566239, -0.9032108, -0.0739328,   6.9166034,  19.0392072, 1.187398, 0.626930,  0.2347865,   2.9465004, 334.9224900, -33.1567875, -0.0000000e+00, -0.0000000e+00, -0.0000000e+00, -0.0000000e+00
 220,     8,    26, 152.8971369,  20.2566239, -0.8436719, -0.1025990,   6.9166034,  19.0392072, 1.185560, 0.585162,  0.2336727,   2.9465004, 333.4707615, -43.0512863, -0.0000000e+00, -0.0000000e+00, -0.0000000e+00, -0.0000000e+00
 201,   117,    56,  42.3161724,  20.2566239, -0.9240582,  0.0620741,   6.9166034,  19.0392072, 1.372803, 0.947338,  0.3471536,   2.9465004, 228.9935005,  2.6060913, -6.1913149e-02, -7.9971761e-02, -1.0262517e-01, -4.0252949e-01
 87,   103,    21,  62.4481088,  20.2566239, -0.5232033,  0.0160106,   6.9166034,  19.0392072, 1.264504, 0.434196,  0.2815178,   2.9465004, 238.4937397, -34.9742709, -3.2570948e-02, -4.2082815e-02, -5.4023575e-02, -1.6329689e-01
 195,    98,    36,  62.4367818,  20.2566239, -0.8098797, -0.0372722,   6.9166034,  19.0392072, 1.297345, 0.720047,  0.3014214,   2.9465004, 245.8760206, -20.0865570, -2.3871117e-02, -3.0838945e-02, -3.9583519e-02, -1.3369973e-01
 49,   128,    28,  36.8697598,  20.2566239, -0.4650962,  0.1516587,   6.9166034,  19.0392072, 1.367374, 0.495652,  0.3438631,   2.9465004, 214.5393136, -24.2378534, -1.2192784e-01, -1.5753219e-01, -2.0222611e-01, -6.2325048e-01
 287,    87,   106,  92.3936592,  17.3784734, -0.5148511,  0.1673048,   6.9122688,  19.0392072, 1.201090, 0.387744,  0.2430850,   2.9465004, 265.9363476, 47.7191407, -0.0000000e+00, -0.0000000e+00, -0.0000000e+00, -0.0000000e+00
 277,    77,    86,  90.1320311,  18.9117840, -0.8201522,  0.1913523,   6.9145908,  19.0392072, 1.224726, 0.638757,  0.2574095,   2.9465004, 272.9257519, 26.4795178, -0.0000000e+00, -0.0000000e+00, -0.0000000e+00, -0.0000000e+00
 275,    78,    46,  81.4184507,  20.2566239, -0.9336100, -0.0165296,   6.9166034,  19.0392072, 1.255179, 0.758993,  0.2758659,   2.9465004, 267.1171565, -13.0972811, -0.0000000e+00, -0.0000000e+00, -0.0000000e+00, -0.0000000e+00
 191,    77,    56,  81.8723529,  20.2566239, -0.9728403,  0.0411264,   6.9166034,  19.0392072, 1.247750, 0.778552,  0.2713639,   2.9465004, 268.5687494, -3.2030753, -0.0000000e+00, -0.0000000e+00, -0.0000000e+00, -0.0000000e+00
 276,    77,    66,  83.5307432,  20.2566239, -0.9628232,  0.1026390,   6.9166034,  19.0392072, 1.231647, 0.746366,  0.2616045,   2.9465004, 270.0214640,  6.6906193, -0.0000000e+00, -0.0000000e+00, -0.0000000e+00, -0.0000000e+00
 192,    77,    76,  86.3196939,  19.6267736, -0.9082874,  0.1556316,   6.9156633,  19.0392072, 1.229313, 0.706486,  0.2601896,   2.9465004, 271.4731254, 16.5855028, -0.0000000e+00, -0.0000000e+00, -0.0000000e+00, -0.0000000e+00
 47,    97,     2,  76.5442113,  20.2566239, -0.2670536,  0.1270778,   6.9166034,  19.0392072, 1.190944, 0.206470,  0.2369355,   2.9465004, 241.2228477, -53.7831843, -0.0000000e+00, -0.0000000e+00, -0.0000000e+00, -0.0000000e+00
 355,   188,     6,  36.7007282,  33.3408844,  0.1393452,  0.4338887,  27.3701145,  19.0392072, 1.211292, 0.375938,  0.2492679,   3.3094517, 152.4738779, -36.6973426, -1.3646115e-01, -1.7631536e-01, -2.2634853e-01, -6.7282416e-01
 249,    37,   106, 134.8367387,  17.9610349, -0.8013566,  0.2304380,   6.9131550,  19.0392072, 1.205999, 0.604540,  0.2460599,   2.9465004, 315.4069726, 40.4582294, -0.0000000e+00, -0.0000000e+00, -0.0000000e+00, -0.0000000e+00
 185,    37,    96, 130.8039836,  18.6703687, -0.8724650,  0.2049417,   6.9142274,  19.0392072, 1.201580, 0.642696,  0.2433819,   2.9465004, 313.9538154, 30.5646201, -0.0000000e+00, -0.0000000e+00, -0.0000000e+00, -0.0000000e+00
 248,    37,    86, 127.4259414,  19.3840779, -0.9300516,  0.1683001,   6.9152999,  19.0392072, 1.195863, 0.668145,  0.2399167,   2.9465004, 312.5014029, 20.6697246, -0.0000000e+00, -0.0000000e+00, -0.0000000e+00, -0.0000000e+00
 184,    37,    76, 124.7556257,  20.1015157, -0.9693295,  0.1225285,   6.9163723,  19.0392072, 1.188478, 0.677803,  0.2354415,   2.9465004, 311.0490466, 10.7761720, -0.0000000e+00, -0.0000000e+00, -0.0000000e+00, -0.0000000e+00
 247,    37,    66, 122.8414308,  20.2566239, -0.9862835,  0.0709867,   6.9166034,  19.0392072, 1.194881, 0.697289,  0.2393219,   2.9465004, 309.5978485,  0.8820275, -0.0000000e+00, -0.0000000e+00, -0.0000000e+00, -0.0000000e+00
 314,   127,    56,  32.5962351,  20.2566239, -0.8819188,  0.0529951,   6.9166034,  19.0392072, 1.445049, 1.017715,  0.3909385,   2.9465004, 219.0993365,  4.0585586, -5.8549371e-02, -7.5620480e-02, -9.7030380e-02, -4.0706412e-01
 91,    99,     8,  71.3779935,  20.2566239, -0.3435747,  0.0864357,   6.9166034,  19.0392072, 1.214219, 0.262059,  0.2510417,   2.9465004, 240.1471408, -47.3755873, -0.0000000e+00, -0.0000000e+00, -0.0000000e+00, -0.0000000e+00
 44,   105,    36,  54.8388513,  20.2566239, -0.7863716, -0.0233164,   6.9166034,  19.0392072, 1.322257, 0.733711,  0.3165191,   2.9465004, 238.1909894, -19.0253971, -4.7013443e-02, -6.0735928e-02, -7.7957216e-02, -2.6515344e-01
 311,   128,    26,  37.9449466,  20.2566239, -0.4376098,  0.1639398,   6.9166034,  19.0392072, 1.352567, 0.461119,  0.3348892,   2.9465004, 214.7423299, -25.6240714, -1.2612020e-01, -1.6295049e-01, -2.0918460e-01, -6.3755079e-01
 310,   128,    16,  44.3348793,  20.2566239, -0.2291926,  0.3047997,   6.9166034,  19.0392072, 1.257121, 0.311303,  0.2770428,   2.9465004, 213.2902134, -35.5177760, -1.2345590e-01, -1.5951432e-01, -2.0478406e-01, -5.9850152e-01
 313,   128,    46,  31.4367982,  20.2566239, -0.8539536,  0.0333200,   6.9166034,  19.0392072, 1.488760, 1.051127,  0.4174304,   2.9465004, 217.6469697, -5.8357259, -5.4493187e-02, -7.0378180e-02, -9.0297918e-02, -3.9322833e-01
 312,   128,    36,  33.3770289,  20.2566239, -0.6751916,  0.0631905,   6.9166034,  19.0392072, 1.445774, 0.782031,  0.3913783,   2.9465004, 216.1943789, -15.7299071, -8.7161445e-02, -1.1259935e-01, -1.4452077e-01, -5.0466099e-01
 41,    24,     8, 140.4850194,  20.2566239, -0.6729110, -0.1201573,   6.9166034,  19.0392072, 1.182501, 0.466904,  0.2318186,   2.9465004, 314.4073845, -58.6693234, -0.0000000e+00, -0.0000000e+00, -0.0000000e+00, -0.0000000e+00