 ID     X      Y      Rrup         D           Rfn         Rfp          s            h          ctildepr    IDP          C          S            U            T         fD 2.00s        fD 3.00s        fD 5.00s        fD 10.00s    
 217,   177,    76,  31.0521991, 131.3353467, -0.8623806,  0.2091853, 130.2767504,  18.5581395, 2.179296, 3.202716,  0.8359367,   4.3174881, 172.5339031, 31.1072956, 2.0670975e-01, 2.6720618e-01, 3.4324733e-01, 4.9774480e-01
 216,   177,    56,  11.3248948, 128.6623317, -0.9665496,  0.1267677, 127.3718945,  18.5581395, 2.992632, 4.208805,  1.0000000,   4.3174881, 169.6290472, 11.3203431, 3.2884894e-01, 4.2506153e-01, 5.4597423e-01, 9.1436620e-01
 352,   177,    66,  21.1882978, 129.9952270, -0.9238918,  0.1729853, 128.8242166,  18.5581395, 2.501272, 4.058209,  1.0000000,   4.3174881, 171.0813692, 21.2135694, 3.1056657e-01, 4.0143298e-01, 5.1562910e-01, 8.5200432e-01
 215,   178,    36,   8.4825313, 125.8436917, -0.9788019,  0.0196950, 124.4677878,  18.5581395, 3.186867, 4.226821,  1.0000000,   4.3174881, 166.7249404, -8.4678712, 3.3103609e-01, 4.2788824e-01, 5.4960446e-01, 9.2182664e-01
 351,   178,    46,   1.5103902, 127.2802697, -0.9858350,  0.0740562, 125.9200640,  18.5581395, 3.826231, 4.268323,  1.0000000,   4.3174881, 168.1772167,  1.4257576, 3.3607445e-01, 4.3439992e-01, 5.5796714e-01, 9.3901267e-01
 257,    47,    86, 117.9367205, 145.5578953, -0.9731993,  0.1426555, 144.5019623,  18.5581395, 3.828144, 4.246678,  1.0000000,   4.3174881, 302.6076666, 22.1222821, 0.0000000e+00, 0.0000000e+00, 0.0000000e+00, 0.0000000e+00
 256,    47,    76, 115.0481218, 145.6529956, -0.9868324,  0.1118255, 144.5030348,  18.5581395, 3.905445, 4.287905,  1.0000000,   4.3174881, 301.1562858, 12.2283665, 0.0000000e+00, 0.0000000e+00, 0.0000000e+00, 0.0000000e+00
 347,   167,    86,  39.4684369, 142.5226999, -0.8210688,  0.2299490, 141.6232646,  18.5581395, 2.043773, 2.775010,  0.7538016,   4.3174881, 183.8804173, 39.5489811, 1.5478618e-01, 2.0009903e-01, 2.5706446e-01, 3.2063153e-01
 255,    47,    66, 112.9682610, 145.6902523, -0.9939666,  0.0796919, 144.5034431,  18.5581395, 3.944736, 4.305210,  1.0000000,   4.3174881, 299.7036402,  2.3341417, 0.0000000e+00, 0.0000000e+00, 0.0000000e+00, 0.0000000e+00
 254,    47,    56, 111.7472957, 145.6902523, -0.9942643,  0.0469521, 144.5034431,  18.5581395, 3.937084, 4.297508,  1.0000000,   4.3174881, 298.2507476, -7.5601347, 0.0000000e+00, 0.0000000e+00, 0.0000000e+00, 0.0000000e+00
 344,   167,    56,   9.8764363, 138.4794475, -0.9741401,  0.1179241, 137.2663494,  18.5581395, 3.136955, 4.236543,  1.0000000,   4.3174881, 179.5235021,  9.8675049, 3.3221629e-01, 4.2941356e-01, 5.5156337e-01, 9.2585237e-01
 343,   168,    46,   0.4992125, 137.0765122, -0.9880365,  0.0668941, 135.8144531,  18.5581395, 3.950345, 4.275602,  1.0000000,   4.3174881, 178.0716057, -0.0268157, 3.3695805e-01, 4.3554192e-01, 5.5943376e-01, 9.4202669e-01
 346,   167,    76,  29.6043621, 141.1681903, -0.8868813,  0.2020363, 140.1704445,  18.5581395, 2.283327, 3.530498,  0.8989863,   4.3174881, 182.4275971, 29.6550810, 2.4650245e-01, 3.1863513e-01, 4.0929534e-01, 6.3347920e-01
 258,    47,    96, 121.5777089, 145.4667680, -0.9535324,  0.1715608, 144.5008900,  18.5581395, 3.716131, 4.182969,  1.0000000,   4.3174881, 304.0602716, 32.0156098, 0.0000000e+00, 0.0000000e+00, 0.0000000e+00, 0.0000000e+00
 345,   167,    66,  19.7407577, 139.8201115, -0.9392834,  0.1640254, 138.7178728,  18.5581395, 2.622819, 4.116714,  1.0000000,   4.3174881, 180.9750255, 19.7616525, 3.1766914e-01, 4.1061250e-01, 5.2741796e-01, 8.7623146e-01
 88,   102,    16,  65.5523885, 145.6902523, -0.9140804, -0.0770966, 144.5034431,  18.5581395, 3.174553, 3.960544,  1.0000000,   4.3174881, 238.8568467, -39.7850196, 4.4284869e-02, 5.7242141e-02, 7.3526366e-02, 1.2031696e-01
 336,   158,    46,   1.9712118, 145.6902523, -0.9894324,  0.0602955, 144.5034431,  18.5581395, 3.925535, 4.279787,  1.0000000,   4.3174881, 187.9650782, -1.4786494, 3.3746619e-01, 4.3619865e-01, 5.6027717e-01, 9.4375998e-01
 210,   158,    36,  11.3835062, 145.4446443, -0.9787251,  0.0107869, 144.2558145,  18.5581395, 3.086391, 4.225891,  1.0000000,   4.3174881, 186.5129671, -11.3725863, 3.3092311e-01, 4.2774223e-01, 5.4941695e-01, 9.2144128e-01
 335,   158,    26,  21.2728674, 144.0037780, -0.9475408, -0.0352652, 142.8029536,  18.5581395, 2.597585, 4.093828,  1.0000000,   4.3174881, 185.0601062, -21.2670260, 3.1489077e-01, 4.0702168e-01, 5.2280643e-01, 8.6675435e-01
 209,   158,    16,  31.1647096, 142.5642024, -0.8972148, -0.0742529, 141.3511488,  18.5581395, 2.260448, 3.440425,  0.8851202,   4.3174881, 183.6083014, -31.1607225, 2.3556754e-01, 3.0450261e-01, 3.9114555e-01, 5.9617980e-01
 176,    18,    16, 144.8274252, 145.6902523, -0.9294111, -0.0742712, 144.5034431,  18.5581395, 3.512423, 4.025513,  1.0000000,   4.3174881, 322.1241591, -51.4921386, 0.0000000e+00, 0.0000000e+00, 0.0000000e+00, 0.0000000e+00
 229,    18,     6, 147.3111653, 145.6902523, -0.9002140, -0.0971436, 144.5034431,  18.5581395, 3.358664, 3.909228,  1.0000000,   4.3174881, 320.6714753, -61.3857252, 0.0000000e+00, 0.0000000e+00, 0.0000000e+00, 0.0000000e+00
 319,   127,   106,  66.4880358, 145.2704835, -0.8051747,  0.2504967, 144.4983997,  18.5581395, 2.603184, 3.640682,  1.0000000,   4.3174881, 226.3605291, 53.5277549, 3.0422832e-02, 3.9324983e-02, 5.0513447e-02, 7.9499908e-02
 230,    18,    26, 143.0007888, 145.6902523, -0.9536167, -0.0489490, 144.5034431,  18.5581395, 3.652507, 4.122649,  1.0000000,   4.3174881, 323.5762886, -41.5985974, 0.0000000e+00, 0.0000000e+00, 0.0000000e+00, 0.0000000e+00
 66,    21,    43, 137.9825165, 145.6902523, -0.9824255, -0.0014634, 144.5034431,  18.5581395, 3.838181, 4.241615,  1.0000000,   4.3174881, 322.5628126, -24.4271217, 0.0000000e+00, 0.0000000e+00, 0.0000000e+00, 0.0000000e+00
 300,   107,    66,  54.7072236, 145.6538069, -0.9830211,  0.1146873, 144.5030437,  18.5581395, 3.878774, 4.272969,  1.0000000,   4.3174881, 240.3390912, 11.0479847, 1.7160455e-01, 2.2181094e-01, 2.8490609e-01, 4.7965104e-01
 281,    88,    46,  71.4198370, 145.6902523, -0.9896645,  0.0267580, 144.5034431,  18.5581395, 3.902516, 4.274426,  1.0000000,   4.3174881, 257.2230372, -11.6442673, 0.0000000e+00, 0.0000000e+00, 0.0000000e+00, 0.0000000e+00
 296,   108,    26,  55.6420252, 145.6902523, -0.9511752, -0.0424269, 144.5034431,  18.5581395, 3.449530, 4.110771,  1.0000000,   4.3174881, 234.5303861, -28.5277690, 1.5169086e-01, 1.9607250e-01, 2.5184863e-01, 4.1818573e-01
 297,   108,    36,  52.6337149, 145.6902523, -0.9766329, -0.0052132, 144.5034431,  18.5581395, 3.730011, 4.216661,  1.0000000,   4.3174881, 235.9828412, -18.6341085, 1.9091488e-01, 2.4677149e-01, 3.1696779e-01, 5.3118792e-01
 231,    18,    46, 141.4126600, 145.6902523, -0.9858319,  0.0070438, 144.5034431,  18.5581395, 3.862352, 4.256426,  1.0000000,   4.3174881, 326.4803705, -21.8100085, 0.0000000e+00, 0.0000000e+00, 0.0000000e+00, 0.0000000e+00
 279,    88,    26,  74.5145691, 145.6902523, -0.9519820, -0.0443555, 144.5034431,  18.5581395, 3.536757, 4.114630,  1.0000000,   4.3174881, 254.3190654, -31.4328762, 0.0000000e+00, 0.0000000e+00, 0.0000000e+00, 0.0000000e+00
 178,    17,    56, 141.6753629, 145.6902523, -0.9934872,  0.0366171, 144.5034431,  18.5581395, 3.919593, 4.292281,  1.0000000,   4.3174881, 327.9330324, -11.9165048, 0.0000000e+00, 0.0000000e+00, 0.0000000e+00, 0.0000000e+00
 85,   110,    51,  49.3280184, 145.6902523, -0.9927959,  0.0541039, 144.5034431,  18.5581395, 3.962970, 4.292745,  1.0000000,   4.3174881, 235.9322187, -3.8931231, 2.3362040e-01, 3.0197054e-01, 3.8786703e-01, 6.5401018e-01
 232,    17,    66, 142.6394054, 145.6902523, -0.9954566,  0.0664915, 144.5034431,  18.5581395, 3.940156, 4.307449,  1.0000000,   4.3174881, 329.3847883, -2.0226668, 0.0000000e+00, 0.0000000e+00, 0.0000000e+00, 0.0000000e+00
 219,     8,    16, 154.6066173, 145.6902523, -0.9304332, -0.0740780, 144.5034431,  18.5581395, 3.528705, 4.029846,  1.0000000,   4.3174881, 332.0182094, -52.9450971, 0.0000000e+00, 0.0000000e+00, 0.0000000e+00, 0.0000000e+00
 179,    17,    76, 144.2929871, 145.6902523, -0.9918355,  0.0961136, 144.5034431,  18.5581395, 3.923919, 4.302297,  1.0000000,   4.3174881, 330.8378297,  7.8719951, 0.0000000e+00, 0.0000000e+00, 0.0000000e+00, 0.0000000e+00
 240,    27,    66, 132.7325096, 145.6902523, -0.9951245,  0.0706325, 144.5034431,  18.5581395, 3.942486, 4.307247,  1.0000000,   4.3174881, 319.4909426, -0.5706710, 0.0000000e+00, 0.0000000e+00, 0.0000000e+00, 0.0000000e+00
 239,    27,    56, 131.6963224, 145.6902523, -0.9938052,  0.0398498, 144.5034431,  18.5581395, 3.925190, 4.294190,  1.0000000,   4.3174881, 318.0395751, -10.4643410, 0.0000000e+00, 0.0000000e+00, 0.0000000e+00, 0.0000000e+00
 238,    28,    46, 131.4140810, 145.6902523, -0.9863987,  0.0093286, 144.5034431,  18.5581395, 3.866828, 4.258955,  1.0000000,   4.3174881, 316.5873184, -20.3576594, 0.0000000e+00, 0.0000000e+00, 0.0000000e+00, 0.0000000e+00
 237,    28,    36, 131.8914611, 145.6902523, -0.9729053, -0.0203090, 144.5034431,  18.5581395, 3.770823, 4.201422,  1.0000000,   4.3174881, 315.1347254, -30.2521381, 0.0000000e+00, 0.0000000e+00, 0.0000000e+00, 0.0000000e+00
 236,    28,    26, 133.1205592, 145.6902523, -0.9534568, -0.0484359, 144.5034431,  18.5581395, 3.643692, 4.121847,  1.0000000,   4.3174881, 313.6824655, -40.1456568, 0.0000000e+00, 0.0000000e+00, 0.0000000e+00, 0.0000000e+00
 158,    96,    41,  62.9590731, 145.6902523, -0.9846365,  0.0115152, 144.5034431,  18.5581395, 3.842183, 4.251447,  1.0000000,   4.3174881, 247.8696318, -15.1420644, 7.8395012e-02, 1.0133115e-01, 1.3015543e-01, 2.1874382e-01
 159,    98,    40,  61.1940919, 145.6902523, -0.9821665,  0.0054289, 144.5034431,  18.5581395, 3.811486, 4.240557,  1.0000000,   4.3174881, 245.6602447, -16.5921592, 9.7658587e-02, 1.2623076e-01, 1.6213798e-01, 2.7225364e-01
 160,   101,    38,  58.8310421, 145.6902523, -0.9801108,  0.0010348, 144.5034431,  18.5581395, 3.784246, 4.231619,  1.0000000,   4.3174881, 242.9119965, -17.5460313, 1.2346113e-01, 1.5958247e-01, 2.0497691e-01, 3.4393448e-01
 161,   103,    37,  56.7880157, 145.6902523, -0.9782656, -0.0025925, 144.5034431,  18.5581395, 3.758800, 4.223665,  1.0000000,   4.3174881, 240.5127051, -18.3123178, 1.4561938e-01, 1.8822367e-01, 2.4176544e-01, 4.0539638e-01
 128,    90,    39,  69.0593516, 145.6902523, -0.9802993,  0.0000178, 144.5034431,  18.5581395, 3.797609, 4.232431,  1.0000000,   4.3174881, 253.2662759, -18.5994642, 1.0400971e-02, 1.3444009e-02, 1.7268259e-02, 2.8976659e-02
 162,    76,    26,  85.8848064, 145.6902523, -0.9516488, -0.0461595, 144.5034431,  18.5581395, 3.564124, 4.113563,  1.0000000,   4.3174881, 265.8845264, -33.3969323, 0.0000000e+00, 0.0000000e+00, 0.0000000e+00, 0.0000000e+00
 163,    78,    28,  82.9778774, 145.6902523, -0.9575684, -0.0386742, 144.5034431,  18.5581395, 3.606115, 4.137661,  1.0000000,   4.3174881, 263.8085362, -30.8008851, 0.0000000e+00, 0.0000000e+00, 0.0000000e+00, 0.0000000e+00
 164,    81,    30,  79.7908997, 145.6902523, -0.9625946, -0.0316562, 144.5034431,  18.5581395, 3.642703, 4.158237,  1.0000000,   4.3174881, 261.3297743, -28.3862078, 0.0000000e+00, 0.0000000e+00, 0.0000000e+00, 0.0000000e+00
 165,    85,    34,  75.4718874, 145.6902523, -0.9716278, -0.0174055, 144.5034431,  18.5581395, 3.717821, 4.195664,  1.0000000,   4.3174881, 258.3458090, -23.9021870, 0.0000000e+00, 0.0000000e+00, 0.0000000e+00, 0.0000000e+00
 166,    87,    35,  72.4888597, 145.6902523, -0.9739434, -0.0130227, 144.5034431,  18.5581395, 3.736054, 4.205365,  1.0000000,   4.3174881, 255.6954027, -22.4138057, 0.0000000e+00, 0.0000000e+00, 0.0000000e+00, 0.0000000e+00
 150,    63,    52,  95.8787737, 145.6902523, -0.9928646,  0.0387947, 144.5034431,  18.5581395, 3.929285, 4.289952,  1.0000000,   4.3174881, 282.1748860, -9.4129678, 0.0000000e+00, 0.0000000e+00, 0.0000000e+00, 0.0000000e+00
 151,    68,    50,  90.6551289, 145.6902523, -0.9920252,  0.0346802, 144.5034431,  18.5581395, 3.922568, 4.285674,  1.0000000,   4.3174881, 276.8189255, -10.3730977, 0.0000000e+00, 0.0000000e+00, 0.0000000e+00, 0.0000000e+00
 149,    60,    54,  99.5346947, 145.6902523, -0.9935764,  0.0432592, 144.5034431,  18.5581395, 3.935258, 4.293818,  1.0000000,   4.3174881, 285.9510432, -8.2560345, 0.0000000e+00, 0.0000000e+00, 0.0000000e+00, 0.0000000e+00
 154,    82,    48,  76.5493427, 145.6902523, -0.9909221,  0.0314233, 144.5034431,  18.5581395, 3.915669, 4.280445,  1.0000000,   4.3174881, 262.5644590, -10.6455484, 0.0000000e+00, 0.0000000e+00, 0.0000000e+00, 0.0000000e+00
 155,    86,    46,  72.6086022, 145.6902523, -0.9896799,  0.0266235, 144.5034431,  18.5581395, 3.902440, 4.274477,  1.0000000,   4.3174881, 258.4120314, -11.7402045, 0.0000000e+00, 0.0000000e+00, 0.0000000e+00, 0.0000000e+00
 152,    74,    49,  84.8395561, 145.6902523, -0.9915851,  0.0332987, 144.5034431,  18.5581395, 3.920070, 4.283570,  1.0000000,   4.3174881, 270.9455532, -10.5068895, 0.0000000e+00, 0.0000000e+00, 0.0000000e+00, 0.0000000e+00
 153,    79,    49,  80.2352271, 145.6902523, -0.9913152,  0.0327065, 144.5034431,  18.5581395, 3.918810, 4.282320,  1.0000000,   4.3174881, 266.3088723, -10.4649357, 0.0000000e+00, 0.0000000e+00, 0.0000000e+00, 0.0000000e+00
 156,    90,    44,  69.1530197, 145.6902523, -0.9878480,  0.0203607, 144.5034431,  18.5581395, 3.881547, 4.265928,  1.0000000,   4.3174881, 254.6378042, -13.2127296, 9.4800708e-03, 1.2253661e-02, 1.5739278e-02, 2.6482835e-02
 157,    93,    43,  65.7073317, 145.6902523, -0.9866212,  0.0168931, 144.5034431,  18.5581395, 3.866779, 4.260350,  1.0000000,   4.3174881, 250.9747465, -13.9193317, 4.7950030e-02, 6.1978816e-02, 7.9609033e-02, 1.3388988e-01
 193,    77,    96,  94.8434792, 145.4230527, -0.9304648,  0.1927443, 144.5003582,  18.5581395, 3.536618, 4.102557,  1.0000000,   4.3174881, 274.3785785, 36.3727463, 0.0000000e+00, 0.0000000e+00, 0.0000000e+00, 0.0000000e+00
 278,    77,   106, 100.3267629, 145.3378672, -0.8968627,  0.2188946, 144.4992858,  18.5581395, 3.348369, 3.985857,  1.0000000,   4.3174881, 275.8302521, 46.2667948, 0.0000000e+00, 0.0000000e+00, 0.0000000e+00, 0.0000000e+00
 228,     7,   106, 162.3790575, 145.4367732, -0.9553786,  0.1722597, 144.5005264,  18.5581395, 3.750802, 4.191348,  1.0000000,   4.3174881, 345.0884564, 36.1017231, 0.0000000e+00, 0.0000000e+00, 0.0000000e+00, 0.0000000e+00
 43,    77,    46,  81.5000415, 145.6902523, -0.9890989,  0.0230166, 144.5034431,  18.5581395, 3.894421, 4.271579,  1.0000000,   4.3174881, 267.1857397, -13.1834930, 0.0000000e+00, 0.0000000e+00, 0.0000000e+00, 0.0000000e+00
 356,   188,    16,  26.8083098, 113.2006172, -0.8781198, -0.0701030, 111.6690432,  18.5581395, 2.195212, 3.216035,  0.8455830,   4.3174881, 153.9261958, -26.8036748, 2.0832661e-01, 2.6929584e-01, 3.4593099e-01, 5.0325996e-01
 309,   117,   106,  71.7611471, 145.2837447, -0.8290046,  0.2452880, 144.4985769,  18.5581395, 2.795487, 3.732605,  1.0000000,   4.3174881, 236.2545277, 52.0752720, 0.0000000e+00, 0.0000000e+00, 0.0000000e+00, 0.0000000e+00
 357,   188,    26,  16.9171155, 114.6332484, -0.9428408, -0.0279844, 113.1210728,  18.5581395, 2.602668, 4.072497,  1.0000000,   4.3174881, 155.3782254, -16.9097695, 3.1230108e-01, 4.0367471e-01, 5.1850805e-01, 8.5792081e-01
 358,   188,    36,   7.0340925, 116.0664207, -0.9783817,  0.0248732, 114.5731621,  18.5581395, 3.253743, 4.225516,  1.0000000,   4.3174881, 156.8303148, -7.0164067, 3.3087767e-01, 4.2768350e-01, 5.4934153e-01, 9.2128628e-01
 359,   188,    46,   2.9213490, 117.5009031, -0.9824856,  0.0817756, 116.0261078,  18.5581395, 3.647163, 4.256538,  1.0000000,   4.3174881, 158.2832604,  2.8785041, 3.3464371e-01, 4.3255081e-01, 5.5559240e-01, 9.3413237e-01
 360,   187,    56,  12.7716966, 118.8588908, -0.9563528,  0.1358732, 117.4781697,  18.5581395, 2.843364, 4.170506,  1.0000000,   4.3174881, 159.7353224, 12.7715195, 3.2419947e-01, 4.1905245e-01, 5.3825703e-01, 8.9850668e-01
 307,   117,    66,  45.4388124, 145.6378126, -0.9792085,  0.1219047, 144.5028665,  18.5581395, 3.830757, 4.260357,  1.0000000,   4.3174881, 230.4453288, 12.5000303, 2.7435444e-01, 3.5462258e-01, 4.5549694e-01, 7.6607466e-01
 202,   117,    76,  50.3754940, 145.5433304, -0.9555029,  0.1600491, 144.5017940,  18.5581395, 3.587765, 4.182845,  1.0000000,   4.3174881, 231.8972801, 22.3943685, 2.1305502e-01, 2.7538965e-01, 3.5372734e-01, 5.9110070e-01
 308,   117,    86,  56.6529297, 145.4528207, -0.9214723,  0.1939669, 144.5007216,  18.5581395, 3.307841, 4.065630,  1.0000000,   4.3174881, 233.3497016, 32.2883298, 1.3857264e-01, 1.7911653e-01, 2.3006992e-01, 3.8042601e-01
 203,   117,    96,  63.8763923, 145.3662895, -0.8787236,  0.2226081, 144.4996493,  18.5581395, 3.037246, 3.913725,  1.0000000,   4.3174881, 234.8018294, 42.1820000, 5.9812587e-02, 7.7313294e-02, 9.9307687e-02, 1.6169866e-01
 213,   157,    96,  48.6284114, 145.3112700, -0.7819663,  0.2453698, 144.4989403,  18.5581395, 2.098460, 2.784558,  0.7869456,   4.3174881, 195.2267463, 47.9909622, 1.1109332e-01, 1.4361504e-01, 1.8449981e-01, 2.3123023e-01
 338,   157,    86,  38.6631583, 145.3951702, -0.8490429,  0.2244155, 144.5000127,  18.5581395, 2.294580, 3.434474,  0.9058063,   4.3174881, 193.7747248, 38.0971299, 2.3484510e-01, 3.0356892e-01, 3.8994644e-01, 5.9371554e-01
 212,   157,    76,  28.7012007, 145.4830521, -0.9066815,  0.1939454, 144.5010851,  18.5581395, 2.554889, 4.003143,  1.0000000,   4.3174881, 192.3216531, 28.2031755, 3.0388155e-01, 3.9279312e-01, 5.0453329e-01, 8.2920148e-01
 337,   157,    66,  18.7487718, 145.5749076, -0.9513588,  0.1549983, 144.5021575,  18.5581395, 2.914486, 4.161638,  1.0000000,   4.3174881, 190.8693703, 18.3092423, 3.2312283e-01, 4.1766097e-01, 5.3647001e-01, 8.9483420e-01
 211,   157,    56,   8.8368655, 145.6707354, -0.9798076,  0.1095127, 144.5032300,  18.5581395, 3.437275, 4.256649,  1.0000000,   4.3174881, 189.4173063,  8.4146743, 3.3465718e-01, 4.3256822e-01, 5.5561476e-01, 9.3417832e-01
 207,   137,    76,  35.7879001, 145.5129776, -0.9358920,  0.1768152, 144.5014396,  18.5581395, 3.225723, 4.112184,  1.0000000,   4.3174881, 212.1093890, 25.2984177, 3.1711910e-01, 4.0990162e-01, 5.2650501e-01, 8.7435527e-01
 322,   137,    66,  28.4280747, 145.6061484, -0.9684298,  0.1376586, 144.5025121,  18.5581395, 3.604779, 4.223214,  1.0000000,   4.3174881, 210.6574860, 15.4041368, 3.3059822e-01, 4.2732233e-01, 5.4887769e-01, 9.2033306e-01
 189,    57,    96, 112.4834994, 145.4520857, -0.9469048,  0.1784031, 144.5007127,  18.5581395, 3.668238, 4.160178,  1.0000000,   4.3174881, 294.1662215, 33.4682017, 0.0000000e+00, 0.0000000e+00, 0.0000000e+00, 0.0000000e+00
 227,     7,    96, 159.0447550, 145.5265610, -0.9725282,  0.1466804, 144.5015989,  18.5581395, 3.833502, 4.246368,  1.0000000,   4.3174881, 343.6359593, 26.2076245, 0.0000000e+00, 0.0000000e+00, 0.0000000e+00, 0.0000000e+00
 323,   137,    86,  44.1844921, 145.4237785, -0.8916543,  0.2100003, 144.5003672,  18.5581395, 2.889122, 3.955035,  1.0000000,   4.3174881, 213.5620520, 35.1926877, 2.5646954e-01, 3.3150984e-01, 4.2581782e-01, 6.9639914e-01
 225,     7,    76, 154.1057459, 145.6902523, -0.9929492,  0.0914198, 144.5034431,  18.5581395, 3.927139, 4.305178,  1.0000000,   4.3174881, 340.7317667,  6.4195763, 0.0000000e+00, 0.0000000e+00, 0.0000000e+00, 0.0000000e+00
 262,    57,    66, 103.1194881, 145.6902523, -0.9930690,  0.0846528, 144.5034431,  18.5581395, 3.943871, 4.303113,  1.0000000,   4.3174881, 289.8093175,  3.7869895, 0.0000000e+00, 0.0000000e+00, 0.0000000e+00, 0.0000000e+00
 324,   137,   106,  62.3835428, 145.2573270, -0.7776359,  0.2545015, 144.4982223,  18.5581395, 2.392415, 3.409377,  0.9651000,   4.3174881, 216.4668981, 54.9807790, 5.8849423e-02, 7.6070968e-02, 9.7716490e-02, 1.4809520e-01
 187,    57,    56, 101.7815109, 145.6902523, -0.9943713,  0.0508628, 144.5034431,  18.5581395, 3.943304, 4.298799,  1.0000000,   4.3174881, 288.3574659, -6.1076550, 0.0000000e+00, 0.0000000e+00, 0.0000000e+00, 0.0000000e+00
 223,     7,    56, 151.6576132, 145.6902523, -0.9931275,  0.0335748, 144.5034431,  18.5581395, 3.914249, 4.290266,  1.0000000,   4.3174881, 337.8270430, -13.3683088, 0.0000000e+00, 0.0000000e+00, 0.0000000e+00, 0.0000000e+00
 263,    57,    86, 108.5393225, 145.5425636, -0.9688598,  0.1491409, 144.5017852,  18.5581395, 3.798355, 4.232311,  1.0000000,   4.3174881, 292.7143495, 23.5741216, 0.0000000e+00, 0.0000000e+00, 0.0000000e+00, 0.0000000e+00
 224,     7,    66, 152.5595058, 145.6902523, -0.9956613,  0.0625832, 144.5034431,  18.5581395, 3.937354, 4.307239,  1.0000000,   4.3174881, 339.2797121, -3.4746879, 0.0000000e+00, 0.0000000e+00, 0.0000000e+00, 0.0000000e+00
 188,    57,    76, 105.3929076, 145.6370099, -0.9844305,  0.1176652, 144.5028576,  18.5581395, 3.892881, 4.280520,  1.0000000,   4.3174881, 291.2615375, 13.6800747, 0.0000000e+00, 0.0000000e+00, 0.0000000e+00, 0.0000000e+00
 86,   113,    60,  47.8492928, 145.6902523, -0.9888636,  0.0949369, 144.5034431,  18.5581395, 3.937804, 4.289038,  1.0000000,   4.3174881, 234.2294914,  6.0008565, 2.4999964e-01, 3.2314189e-01, 4.1506073e-01, 6.9965995e-01
 190,    78,    36,  82.1871028, 145.6902523, -0.9751521, -0.0119542, 144.5034431,  18.5581395, 3.758924, 4.210524,  1.0000000,   4.3174881, 265.6649616, -22.9907030, 0.0000000e+00, 0.0000000e+00, 0.0000000e+00, 0.0000000e+00
 274,    78,    26,  84.1450891, 145.6902523, -0.9523118, -0.0451861, 144.5034431,  18.5581395, 3.565419, 4.116221,  1.0000000,   4.3174881, 264.2124125, -32.8840935, 0.0000000e+00, 0.0000000e+00, 0.0000000e+00, 0.0000000e+00
 51,   159,    43,   4.2388877, 145.4139355, -0.9883959,  0.0463281, 144.2248526,  18.5581395, 3.597078, 4.272072,  1.0000000,   4.3174881, 186.4820052, -4.2094744, 3.3652960e-01, 4.3498817e-01, 5.5872260e-01, 9.4056521e-01
 204,   138,    16,  37.9136723, 145.6902523, -0.9056595, -0.0752337, 144.5034431,  18.5581395, 2.701390, 3.923642,  1.0000000,   4.3174881, 203.3964278, -34.0653364, 2.9423017e-01, 3.8031947e-01, 4.8851391e-01, 7.9628026e-01
 181,    38,    16, 125.3737722, 145.6902523, -0.9271021, -0.0746571, 144.5034431,  18.5581395, 3.472149, 4.015710,  1.0000000,   4.3174881, 302.3354725, -48.5878805, 0.0000000e+00, 0.0000000e+00, 0.0000000e+00, 0.0000000e+00
 245,    38,    26, 123.2596130, 145.6902523, -0.9532762, -0.0478867, 144.5034431,  18.5581395, 3.633309, 4.120948,  1.0000000,   4.3174881, 303.7882428, -38.6938434, 0.0000000e+00, 0.0000000e+00, 0.0000000e+00, 0.0000000e+00
 42,    54,    33, 105.6461207, 145.6902523, -0.9674362, -0.0272411, 144.5034431,  18.5581395, 3.716224, 4.178550,  1.0000000,   4.3174881, 288.1024339, -29.8443659, 0.0000000e+00, 0.0000000e+00, 0.0000000e+00, 0.0000000e+00
 246,    38,    46, 121.4136540, 145.6902523, -0.9869679,  0.0117600, 144.5034431,  18.5581395, 3.871639, 4.261524,  1.0000000,   4.3174881, 306.6921718, -18.9061887, 0.0000000e+00, 0.0000000e+00, 0.0000000e+00, 0.0000000e+00
 182,    38,    36, 121.9318464, 145.6902523, -0.9733251, -0.0188612, 144.5034431,  18.5581395, 3.769814, 4.203108,  1.0000000,   4.3174881, 305.2413595, -28.7999187, 0.0000000e+00, 0.0000000e+00, 0.0000000e+00, 0.0000000e+00
 183,    37,    56, 121.7192682, 145.6902523, -0.9940694,  0.0432891, 144.5034431,  18.5581395, 3.931029, 4.295950,  1.0000000,   4.3174881, 308.1447606, -9.0120080, 0.0000000e+00, 0.0000000e+00, 0.0000000e+00, 0.0000000e+00
 206,   137,    56,  23.1170094, 145.6902523, -0.9872004,  0.0942153, 144.5034431,  18.5581395, 3.921235, 4.281593,  1.0000000,   4.3174881, 209.2057367,  5.5102883, 3.3768533e-01, 4.3648187e-01, 5.6064089e-01, 9.4450747e-01
 290,    98,    46,  61.4217342, 145.6902523, -0.9900988,  0.0304700, 144.5034431,  18.5581395, 3.910484, 4.276763,  1.0000000,   4.3174881, 247.3288049, -10.1918093, 9.6390853e-02, 1.2459193e-01, 1.6003265e-01, 2.6950274e-01
 196,    97,    56,  62.0232275, 145.6902523, -0.9933319,  0.0694561, 144.5034431,  18.5581395, 3.966239, 4.299170,  1.0000000,   4.3174881, 248.7811020, -0.2984434, 9.0355350e-02, 1.1679051e-01, 1.5001190e-01, 2.5307273e-01
 291,    97,    66,  64.1957534, 145.6699158, -0.9860613,  0.1078990, 144.5032210,  18.5581395, 3.907293, 4.282720,  1.0000000,   4.3174881, 250.2334374,  9.5953002, 6.5360109e-02, 8.4482500e-02, 1.0851388e-01, 1.8282879e-01
 197,    97,    76,  67.7824928, 145.5741214, -0.9688669,  0.1444830, 144.5021485,  18.5581395, 3.762714, 4.229328,  1.0000000,   4.3174881, 251.6853080, 19.4898393, 2.4491658e-02, 3.1657248e-02, 4.0662398e-02, 6.8215304e-02
 292,    97,    86,  72.5725027, 145.4823014, -0.9426330,  0.1780571, 144.5010761,  18.5581395, 3.561018, 4.141777,  1.0000000,   4.3174881, 253.1381735, 29.3835404, 0.0000000e+00, 0.0000000e+00, 0.0000000e+00, 0.0000000e+00
 52,   125,    44,  34.1054869, 145.6902523, -0.9885361,  0.0304143, 144.5034431,  18.5581395, 3.886682, 4.270012,  1.0000000,   4.3174881, 219.6761507, -8.9163887, 3.3627951e-01, 4.3466495e-01, 5.5830751e-01, 9.3971215e-01
 326,   148,    26,  24.1565910, 145.6902523, -0.9485494, -0.0370680, 144.5034431,  18.5581395, 2.884404, 4.098477,  1.0000000,   4.3174881, 194.9543062, -22.7190560, 3.1545506e-01, 4.0775098e-01, 5.2374304e-01, 8.6867916e-01
 325,   148,    16,  33.3059053, 145.6902523, -0.9017487, -0.0748506, 144.5034431,  18.5581395, 2.459847, 3.906679,  1.0000000,   4.3174881, 193.5024522, -32.6126081, 2.9217081e-01, 3.7765790e-01, 4.8509578e-01, 7.8925569e-01
 50,   153,    24,  24.8986627, 145.6902523, -0.9358478, -0.0479614, 144.5034431,  18.5581395, 2.576893, 4.045815,  1.0000000,   4.3174881, 189.2073772, -24.7731341, 3.0906189e-01, 3.9948830e-01, 5.1313163e-01, 8.4687181e-01
 328,   148,    46,  11.4898844, 145.6902523, -0.9902567,  0.0542260, 144.5034431,  18.5581395, 3.960692, 4.281827,  1.0000000,   4.3174881, 197.8590703, -2.9313502, 3.3771379e-01, 4.3651864e-01, 5.6068812e-01, 9.4460453e-01
 327,   148,    36,  16.0550803, 145.6902523, -0.9784301,  0.0069585, 144.5034431,  18.5581395, 3.452490, 4.224467,  1.0000000,   4.3174881, 196.4061235, -12.8250108, 3.3075033e-01, 4.2751892e-01, 5.4913016e-01, 9.2085191e-01
 329,   147,    56,  14.3613666, 145.6869490, -0.9840419,  0.1016069, 144.5034072,  18.5581395, 3.816355, 4.271177,  1.0000000,   4.3174881, 199.3112654,  6.9628808, 3.3642091e-01, 4.3484770e-01, 5.5854220e-01, 9.4019448e-01
 68,   105,    31,  56.2588891, 145.6902523, -0.9634925, -0.0272070, 144.5034431,  18.5581395, 3.585811, 4.161525,  1.0000000,   4.3174881, 237.3542796, -24.5986437, 1.4799597e-01, 1.9129611e-01, 2.4571276e-01, 4.0984589e-01
 99,   116,    68,  47.3860861, 145.6272492, -0.9773716,  0.1261027, 144.5027488,  18.5581395, 3.813008, 4.254768,  1.0000000,   4.3174881, 232.1489382, 13.6138447, 2.5209152e-01, 3.2584625e-01, 4.1853515e-01, 7.0359389e-01
 259,    47,   106, 125.9042502, 145.3796055, -0.9283921,  0.1980203, 144.4998175,  18.5581395, 3.580379, 4.098486,  1.0000000,   4.3174881, 305.5119335, 41.9100389, 0.0000000e+00, 0.0000000e+00, 0.0000000e+00, 0.0000000e+00
 348,   167,    96,  49.3327399, 143.8824510, -0.7461467,  0.2468977, 143.0753100,  18.5581395, 1.866640, 2.193571,  0.6464486,   4.3174881, 185.3324627, 49.4431103, 5.8005757e-02, 7.5002347e-02, 9.6381425e-02, 5.5014621e-02
 349,   167,   106,  59.1971666, 145.2185319, -0.6661279,  0.2529970, 144.4976906,  18.5581395, 1.731426, 1.736655,  0.5645003,   4.3174881, 186.7846005, 59.3373559, 1.0345463e-02, 1.3388706e-02, 1.7225437e-02, -3.9376818e-02
 234,    17,   106, 153.0955261, 145.4223202, -0.9498347,  0.1784039, 144.5003492,  18.5581395, 3.718525, 4.172610,  1.0000000,   4.3174881, 335.1944159, 37.5535822, 0.0000000e+00, 0.0000000e+00, 0.0000000e+00, 0.0000000e+00
 233,    17,    86, 146.6089012, 145.6045524, -0.9828217,  0.1249508, 144.5024941,  18.5581395, 3.882578, 4.277476,  1.0000000,   4.3174881, 332.2898584, 17.7655348, 0.0000000e+00, 0.0000000e+00, 0.0000000e+00, 0.0000000e+00
 180,    17,    96, 149.5558575, 145.5114540, -0.9687012,  0.1525232, 144.5014217,  18.5581395, 3.812537, 4.233881,  1.0000000,   4.3174881, 333.7427623, 27.6592025, 0.0000000e+00, 0.0000000e+00, 0.0000000e+00, 0.0000000e+00
 331,   147,    76,  30.8587454, 145.4979663, -0.9227689,  0.1854257, 144.5012624,  18.5581395, 2.929197, 4.063683,  1.0000000,   4.3174881, 202.2158696, 26.7501779, 3.1123118e-01, 4.0229194e-01, 5.1673222e-01, 8.5427133e-01
 330,   147,    66,  21.9053994, 145.5904717, -0.9608825,  0.1461628, 144.5023348,  18.5581395, 3.346131, 4.196320,  1.0000000,   4.3174881, 200.7630581, 16.8569045, 3.2733330e-01, 4.2310268e-01, 5.4345857e-01, 9.0919630e-01
 333,   147,    96,  49.9362295, 145.3248620, -0.8123183,  0.2415089, 144.4991176,  18.5581395, 2.361634, 3.462943,  0.9464446,   4.3174881, 205.1200177, 46.5386597, 1.5937405e-01, 2.0601192e-01, 2.6462973e-01, 4.0495682e-01
 332,   147,    86,  40.2930866, 145.4094251, -0.8722852,  0.2175802, 144.5001900,  18.5581395, 2.607768, 3.881474,  1.0000000,   4.3174881, 203.6683450, 36.6443224, 2.8628641e-01, 3.7005229e-01, 4.7532738e-01, 7.7120950e-01
 334,   147,   106,  59.6870540, 145.2442887, -0.7457746,  0.2567687, 144.4980451,  18.5581395, 2.170081, 2.827660,  0.8303523,   4.3174881, 206.5723069, 56.4326468, 5.5407291e-02, 7.1626776e-02, 9.2016715e-02, 1.1771672e-01
 318,   127,    96,  57.8914197, 145.3523717, -0.8600154,  0.2296552, 144.4994720,  18.5581395, 2.841146, 3.843214,  1.0000000,   4.3174881, 224.9084775, 43.6342160, 1.1481607e-01, 1.4841097e-01, 1.9063253e-01, 3.0795150e-01
 317,   127,    86,  49.8091065, 145.4382464, -0.9078634,  0.2020442, 144.5005444,  18.5581395, 3.122782, 4.015584,  1.0000000,   4.3174881, 223.4561983, 33.7403923, 2.0553784e-01, 2.6567523e-01, 3.4125314e-01, 5.6154465e-01
 316,   127,    76,  42.5354728, 145.5281008, -0.9466506,  0.1683136, 144.5016168,  18.5581395, 3.439232, 4.151253,  1.0000000,   4.3174881, 222.0036405, 23.8462944, 2.9465965e-01, 3.8087031e-01, 4.8921408e-01, 8.1526956e-01
 315,   127,    66,  36.5574020, 145.6219214, -0.9744272,  0.1295657, 144.5026892,  18.5581395, 3.748792, 4.244105,  1.0000000,   4.3174881, 220.5512714, 13.9526014, 3.3313440e-01, 4.3060014e-01, 5.5308724e-01, 9.2898404e-01
 273,    67,   106, 108.6022817, 145.3516661, -0.9087795,  0.2118695, 144.4994630,  18.5581395, 3.439307, 4.028864,  1.0000000,   4.3174881, 285.7246502, 44.8151459, 0.0000000e+00, 0.0000000e+00, 0.0000000e+00, 0.0000000e+00
 272,    67,    96, 103.5560262, 145.4375145, -0.9392725,  0.1854731, 144.5005355,  18.5581395, 3.609277, 4.133604,  1.0000000,   4.3174881, 284.2719759, 34.9205095, 0.0000000e+00, 0.0000000e+00, 0.0000000e+00, 0.0000000e+00
 271,    67,    86,  99.2586828, 145.5273320, -0.9637814,  0.1559322, 144.5016079,  18.5581395, 3.759836, 4.215225,  1.0000000,   4.3174881, 282.8200165, 25.0268271, 0.0000000e+00, 0.0000000e+00, 0.0000000e+00, 0.0000000e+00
 270,    67,    76,  95.8097767, 145.6211197, -0.9815396,  0.1238402, 144.5026802,  18.5581395, 3.874850, 4.271382,  1.0000000,   4.3174881, 281.3679455, 15.1331044, 0.0000000e+00, 0.0000000e+00, 0.0000000e+00, 0.0000000e+00
 303,   107,    96,  70.7745369, 145.3803155, -0.8947299,  0.2152243, 144.4998265,  18.5581395, 3.201511, 3.973176,  1.0000000,   4.3174881, 244.6961592, 40.7298900, 0.0000000e+00, 0.0000000e+00, 0.0000000e+00, 0.0000000e+00
 304,   107,   106,  77.9661285, 145.2971067, -0.8496591,  0.2392706, 144.4987541,  18.5581395, 2.965909, 3.811075,  1.0000000,   4.3174881, 246.1483649, 50.6237918, 0.0000000e+00, 0.0000000e+00, 0.0000000e+00, 0.0000000e+00
 301,   107,    76,  58.8739371, 145.5586714, -0.9628135,  0.1520922, 144.5019713,  18.5581395, 3.690770, 4.208481,  1.0000000,   4.3174881, 241.7917034, 20.9421427, 1.2194520e-01, 1.5762318e-01, 2.0246056e-01, 3.3906008e-01
 302,   107,    86,  64.3293424, 145.4675071, -0.9329406,  0.1859337, 144.5008989,  18.5581395, 3.451101, 4.107176,  1.0000000,   4.3174881, 243.2447696, 30.8359078, 5.9827549e-02, 7.7331876e-02, 9.9330257e-02, 1.6488034e-01
 354,   177,   106,  60.6448928, 135.3951404, -0.6166854,  0.2447290, 134.6337606,  18.5581395, 1.660631, 1.494122,  0.5215947,   4.3174881, 176.8909132, 60.7894670, -2.2253165e-04, -2.7201290e-04, -3.2258302e-04, -6.5418447e-02
 218,   177,    96,  50.7805586, 134.0350482, -0.7038324,  0.2450180, 133.1810633,  18.5581395, 1.787316, 1.925358,  0.5983731,   4.3174881, 175.4382160, 50.8953067, 3.3082109e-02, 4.2788070e-02, 5.5005859e-02, -1.9994043e-02
 353,   177,    86,  40.9165873, 132.6825313, -0.7872810,  0.2333756, 131.7295482,  18.5581395, 1.953467, 2.478398,  0.6990710,   4.3174881, 173.9867009, 41.0015103, 1.1514858e-01, 1.4886900e-01, 1.9126929e-01, 1.9176130e-01
 186,    58,    36, 102.0336704, 145.6902523, -0.9742098, -0.0156549, 144.5034431,  18.5581395, 3.766219, 4.206682,  1.0000000,   4.3174881, 285.4522647, -25.8954802, 0.0000000e+00, 0.0000000e+00, 0.0000000e+00, 0.0000000e+00
 235,    28,    16, 135.0808107, 145.6902523, -0.9283036, -0.0744654, 144.5034431,  18.5581395, 3.493743, 4.020814,  1.0000000,   4.3174881, 312.2300246, -50.0399777, 0.0000000e+00, 0.0000000e+00, 0.0000000e+00, 0.0000000e+00
 260,    58,    26, 103.6184781, 145.6902523, -0.9528502, -0.0466497, 144.5034431,  18.5581395, 3.606118, 4.118847,  1.0000000,   4.3174881, 284.0007434, -35.7895822, 0.0000000e+00, 0.0000000e+00, 0.0000000e+00, 0.0000000e+00
 261,    58,    46, 101.4160078, 145.6902523, -0.9881005,  0.0171381, 144.5034431,  18.5581395, 3.882471, 4.266754,  1.0000000,   4.3174881, 286.9050324, -16.0015611, 0.0000000e+00, 0.0000000e+00, 0.0000000e+00, 0.0000000e+00
 84,   107,    42,  52.1537743, 145.6902523, -0.9862832,  0.0181343, 144.5034431,  18.5581395, 3.857713, 4.258986,  1.0000000,   4.3174881, 237.3183518, -12.7937868, 1.9924769e-01, 2.5754179e-01, 3.3080101e-01, 5.5629426e-01
 280,    88,    36,  72.2947838, 145.6902523, -0.9756389, -0.0098863, 144.5034431,  18.5581395, 3.752736, 4.212526,  1.0000000,   4.3174881, 255.7704249, -21.5390520, 0.0000000e+00, 0.0000000e+00, 0.0000000e+00, 0.0000000e+00
 284,    87,    76,  76.9601321, 145.5896821, -0.9738911,  0.1372371, 144.5023258,  18.5581395, 3.813410, 4.246306,  1.0000000,   4.3174881, 261.5797484, 18.0372990, 0.0000000e+00, 0.0000000e+00, 0.0000000e+00, 0.0000000e+00
 285,    87,    86,  81.2119881, 145.4972032, -0.9508494,  0.1704062, 144.5012534,  18.5581395, 3.645270, 4.170687,  1.0000000,   4.3174881, 263.0326392, 27.9313066, 0.0000000e+00, 0.0000000e+00, 0.0000000e+00, 0.0000000e+00
 282,    87,    56,  71.9375903, 145.6902523, -0.9938903,  0.0643090, 144.5034431,  18.5581395, 3.961505, 4.300083,  1.0000000,   4.3174881, 258.6751480, -1.7508810, 0.0000000e+00, 0.0000000e+00, 0.0000000e+00, 0.0000000e+00
 283,    87,    66,  73.8186495, 145.6861226, -0.9884781,  0.1015278, 144.5033982,  18.5581395, 3.924017, 4.290195,  1.0000000,   4.3174881, 260.1269834,  8.1436302, 0.0000000e+00, 0.0000000e+00, 0.0000000e+00, 0.0000000e+00
 299,   107,    56,  52.1419625, 145.6902523, -0.9924798,  0.0749878, 144.5034431,  18.5581395, 3.968851, 4.297233,  1.0000000,   4.3174881, 238.8874006,  1.1541142, 2.0214352e-01, 2.6128445e-01, 3.3560758e-01, 5.6609041e-01
 286,    87,    96,  86.4088686, 145.4086949, -0.9202747,  0.2001765, 144.5001810,  18.5581395, 3.447025, 4.066185,  1.0000000,   4.3174881, 264.4838238, 37.8254937, 0.0000000e+00, 0.0000000e+00, 0.0000000e+00, 0.0000000e+00
 295,   108,    16,  60.1813663, 145.6902523, -0.9147123, -0.0755855, 144.5034431,  18.5581395, 3.137809, 3.962720,  1.0000000,   4.3174881, 233.0778745, -38.4221036, 9.7850606e-02, 1.2648062e-01, 1.6246176e-01, 2.6590900e-01
 294,   108,     6,  65.9356428, 145.6902523, -0.8683219, -0.1032926, 144.5034431,  18.5581395, 2.838144, 3.775402,  1.0000000,   4.3174881, 231.6254705, -48.3156654, 3.7423756e-02, 4.8374050e-02, 6.2136358e-02, 9.9562367e-02
 252,    48,    36, 111.9780211, 145.6902523, -0.9737600, -0.0173133, 144.5034431,  18.5581395, 3.768337, 4.204862,  1.0000000,   4.3174881, 295.3466713, -27.3476310, 0.0000000e+00, 0.0000000e+00, 0.0000000e+00, 0.0000000e+00
 251,    48,    26, 113.4228797, 145.6902523, -0.9530760, -0.0472921, 144.5034431,  18.5581395, 3.620975, 4.119957,  1.0000000,   4.3174881, 293.8940563, -37.2414122, 0.0000000e+00, 0.0000000e+00, 0.0000000e+00, 0.0000000e+00
 250,    48,    16, 115.7180220, 145.6902523, -0.9257958, -0.0748429, 144.5034431,  18.5581395, 3.446964, 4.010152,  1.0000000,   4.3174881, 292.4423650, -47.1357166, 0.0000000e+00, 0.0000000e+00, 0.0000000e+00, 0.0000000e+00
 253,    48,    46, 111.4152401, 145.6902523, -0.9875377,  0.0143599, 144.5034431,  18.5581395, 3.876844, 4.264133,  1.0000000,   4.3174881, 296.7991411, -17.4535318, 0.0000000e+00, 0.0000000e+00, 0.0000000e+00, 0.0000000e+00
 214,   178,    16,  28.2615584, 122.9716211, -0.8856334, -0.0720324, 121.5632142,  18.5581395, 2.219554, 3.300539,  0.8603359,   4.3174881, 163.8203669, -28.2571617, 2.1858549e-01, 2.8255464e-01, 3.6295870e-01, 5.3825339e-01
 90,    99,    11,  70.0035023, 145.6902523, -0.8947293, -0.0905131, 144.5034431,  18.5581395, 3.059352, 3.882699,  1.0000000,   4.3174881, 240.5468947, -44.8026326, 0.0000000e+00, 0.0000000e+00, 0.0000000e+00, 0.0000000e+00
 350,   178,    26,  18.3691684, 124.4073157, -0.9447756, -0.0307956, 123.0153472,  18.5581395, 2.600547, 4.081224,  1.0000000,   4.3174881, 165.2724999, -18.3624032, 3.1336058e-01, 4.0504403e-01, 5.2026662e-01, 8.6153482e-01
 208,   137,    96,  53.1282668, 145.3385575, -0.8380843,  0.2360880, 144.4992947,  18.5581395, 2.613755, 3.759248,  1.0000000,   4.3174881, 215.0147114, 45.0870341, 1.5424851e-01, 1.9938224e-01, 2.5610638e-01, 4.0953570e-01
 339,   157,   106,  58.5955479, 145.2313567, -0.7088728,  0.2565863, 144.4978679,  18.5581395, 1.946121, 2.260897,  0.6946188,   4.3174881, 196.6788452, 57.8848941, 3.5115401e-02, 4.5402915e-02, 5.8341646e-02, 4.0956191e-02
 321,   138,    46,  21.4514120, 145.6902523, -0.9906715,  0.0486509, 144.5034431,  18.5581395, 3.950480, 4.282367,  1.0000000,   4.3174881, 207.7533108, -4.3841187, 3.3777937e-01, 4.3660341e-01, 5.6079698e-01, 9.4482824e-01
 205,   138,    36,  24.2054236, 145.6902523, -0.9780432,  0.0034827, 144.5034431,  18.5581395, 3.603341, 4.222716,  1.0000000,   4.3174881, 206.3003774, -14.2776389, 3.3053778e-01, 4.2724421e-01, 5.4877737e-01, 9.2012689e-01
 320,   138,    26,  30.1934761, 145.6902523, -0.9493836, -0.0386524, 144.5034431,  18.5581395, 3.125218, 4.102348,  1.0000000,   4.3174881, 204.8479996, -24.1711259, 3.1592506e-01, 4.0835842e-01, 5.2452314e-01, 8.7028235e-01
 298,   108,    46,  51.4242389, 145.6902523, -0.9904540,  0.0344776, 144.5034431,  18.5581395, 3.919220, 4.278863,  1.0000000,   4.3174881, 237.4341738, -8.7402716, 2.0888693e-01, 2.7000097e-01, 3.4680388e-01, 5.8413175e-01
 264,    57,   106, 117.1456261, 145.3655846, -0.9192242,  0.2048903, 144.4996403,  18.5581395, 3.515928, 4.066132,  1.0000000,   4.3174881, 295.6180188, 43.3622136, 0.0000000e+00, 0.0000000e+00, 0.0000000e+00, 0.0000000e+00
 242,    27,    86, 136.9884624, 145.5888905, -0.9800956,  0.1305697, 144.5023168,  18.5581395, 3.868954, 4.268936,  1.0000000,   4.3174881, 322.3958004, 19.2179138, 0.0000000e+00, 0.0000000e+00, 0.0000000e+00, 0.0000000e+00
 241,    27,    76, 134.5074836, 145.6853020, -0.9904763,  0.1010662, 144.5033892,  18.5581395, 3.919492, 4.298574,  1.0000000,   4.3174881, 320.9436133,  9.3238374, 0.0000000e+00, 0.0000000e+00, 0.0000000e+00, 0.0000000e+00
 244,    27,   106, 143.9081076, 145.4079741, -0.9435628,  0.1847538, 144.5001720,  18.5581395, 3.680171, 4.151180,  1.0000000,   4.3174881, 325.3005110, 39.0056491, 0.0000000e+00, 0.0000000e+00, 0.0000000e+00, 0.0000000e+00
 243,    27,    96, 140.1363302, 145.4964451, -0.9643178,  0.1586190, 144.5012444,  18.5581395, 3.786744, 4.219379,  1.0000000,   4.3174881, 323.8478119, 29.1118839, 0.0000000e+00, 0.0000000e+00, 0.0000000e+00, 0.0000000e+00
 134,    72,    30,  88.9959076, 145.6902523, -0.9622935, -0.0331073, 144.5034431,  18.5581395, 3.656194, 4.157149,  1.0000000,   4.3174881, 270.6044629, -29.8367061, 0.0000000e+00, 0.0000000e+00, 0.0000000e+00, 0.0000000e+00
 135,    67,    33,  93.4511208, 145.6902523, -0.9691094, -0.0234835, 144.5034431,  18.5581395, 3.717857, 4.185346,  1.0000000,   4.3174881, 276.0942357, -27.4292592, 0.0000000e+00, 0.0000000e+00, 0.0000000e+00, 0.0000000e+00
 138,    57,    39, 101.9570486, 145.6902523, -0.9791331, -0.0060677, 144.5034431,  18.5581395, 3.806088, 4.227477,  1.0000000,   4.3174881, 286.0939873, -22.9753914, 0.0000000e+00, 0.0000000e+00, 0.0000000e+00, 0.0000000e+00
 139,    54,    41, 104.9053638, 145.6902523, -0.9810630, -0.0021250, 144.5034431,  18.5581395, 3.822874, 4.235738,  1.0000000,   4.3174881, 289.3275993, -22.0203690, 0.0000000e+00, 0.0000000e+00, 0.0000000e+00, 0.0000000e+00
 136,    63,    35,  96.2780679, 145.6902523, -0.9731029, -0.0170938, 144.5034431,  18.5581395, 3.753250, 4.202008,  1.0000000,   4.3174881, 279.5188392, -25.7900397, 0.0000000e+00, 0.0000000e+00, 0.0000000e+00, 0.0000000e+00
 137,    60,    38,  98.9635611, 145.6902523, -0.9765746, -0.0109544, 144.5034431,  18.5581395, 3.783623, 4.216615,  1.0000000,   4.3174881, 282.7205476, -24.1914363, 0.0000000e+00, 0.0000000e+00, 0.0000000e+00, 0.0000000e+00
 226,     7,    86, 156.2771235, 145.6203214, -0.9851568,  0.1195997, 144.5026713,  18.5581395, 3.892917, 4.284632,  1.0000000,   4.3174881, 342.1841172, 16.3132902, 0.0000000e+00, 0.0000000e+00, 0.0000000e+00, 0.0000000e+00
 198,    97,    96,  78.3439780, 145.3944539, -0.9084634,  0.2077000, 144.5000038,  18.5581395, 3.336744, 4.023484,  1.0000000,   4.3174881, 254.5901605, 39.2773454, 0.0000000e+00, 0.0000000e+00, 0.0000000e+00, 0.0000000e+00
 293,    97,   106,  84.8976247, 145.3105871, -0.8676076,  0.2327311, 144.4989314,  18.5581395, 3.113928, 3.878313,  1.0000000,   4.3174881, 256.0421348, 49.1711488, 0.0000000e+00, 0.0000000e+00, 0.0000000e+00, 0.0000000e+00
 177,    18,    36, 141.8571894, 145.6902523, -0.9725014, -0.0216648, 144.5034431,  18.5581395, 3.771491, 4.199805,  1.0000000,   4.3174881, 325.0286822, -31.7041004, 0.0000000e+00, 0.0000000e+00, 0.0000000e+00, 0.0000000e+00
 89,   116,    72,  49.2908972, 145.5910922, -0.9693475,  0.1407520, 144.5023418,  18.5581395, 3.729441, 4.229036,  1.0000000,   4.3174881, 232.8926942, 17.3721549, 2.2870091e-01, 2.9561255e-01, 3.7970185e-01, 6.3697307e-01
 362,   187,    76,  32.5004153, 121.5120087, -0.8319117,  0.2145828, 120.3825782,  18.5581395, 2.073333, 2.862552,  0.7717167,   4.3174881, 162.6397308, 32.5598908, 1.6541382e-01, 2.1383442e-01, 2.7470424e-01, 3.5688281e-01
 361,   187,    66,  22.6365134, 120.1815405, -0.9041395,  0.1814394, 118.9303741,  18.5581395, 2.376602, 3.804327,  0.9555161,   4.3174881, 161.1875268, 22.6661640, 2.7974528e-01, 3.6159888e-01, 4.6447186e-01, 7.4687175e-01
 364,   187,    96,  52.2290568, 124.1957189, -0.6538567,  0.2382422, 123.2873518,  18.5581395, 1.707330, 1.652206,  0.5498967,   4.3174881, 165.5445044, 52.3481846, 1.0945582e-02, 1.4175926e-02, 1.8256357e-02, -8.5491042e-02
 363,   187,    86,  42.3652555, 122.8497494, -0.7463669,  0.2335106, 121.8345075,  18.5581395, 1.861982, 2.173177,  0.6436257,   4.3174881, 164.0916602, 42.4545587, 7.5280399e-02, 9.7340083e-02, 1.2508875e-01, 6.5782151e-02
 365,   187,   106,  62.0934428, 125.5483290, -0.5596543,  0.2301041, 124.7397629,  18.5581395, 1.589931, 1.250754,  0.4787458,   4.3174881, 166.9969156, 62.2423969, -7.9746610e-03, -1.0293448e-02, -1.3196828e-02, -8.1849359e-02
 268,    67,    56,  91.8223998, 145.6902523, -0.9943662,  0.0550423, 144.5034431,  18.5581395, 3.949589, 4.299736,  1.0000000,   4.3174881, 278.4635614, -4.6551809, 0.0000000e+00, 0.0000000e+00, 0.0000000e+00, 0.0000000e+00
 342,   168,    36,   9.9330469, 135.6374113, -0.9788747,  0.0150136, 134.3618353,  18.5581395, 3.132038, 4.226777,  1.0000000,   4.3174881, 176.6189880, -9.9205305, 3.3103070e-01, 4.2788128e-01, 5.4959552e-01, 9.2180827e-01
 267,    68,    46,  91.4167835, 145.6902523, -0.9886501,  0.0201175, 144.5034431,  18.5581395, 3.888587, 4.269369,  1.0000000,   4.3174881, 277.0108457, -14.5489588, 0.0000000e+00, 0.0000000e+00, 0.0000000e+00, 0.0000000e+00
 266,    68,    36,  92.1027179, 145.6902523, -0.9746743, -0.0138732, 144.5034431,  18.5581395, 3.763210, 4.208571,  1.0000000,   4.3174881, 275.5591858, -24.4432519, 0.0000000e+00, 0.0000000e+00, 0.0000000e+00, 0.0000000e+00
 265,    68,    26,  93.8543081, 145.6902523, -0.9525981, -0.0459491, 144.5034431,  18.5581395, 3.587979, 4.117613,  1.0000000,   4.3174881, 274.1068554, -34.3367671, 0.0000000e+00, 0.0000000e+00, 0.0000000e+00, 0.0000000e+00
 341,   168,    26,  19.8206664, 134.1981294, -0.9463087, -0.0331934, 132.9087408,  18.5581395, 2.598908, 4.088189,  1.0000000,   4.3174881, 175.1658935, -19.8143969, 3.1420619e-01, 4.0613691e-01, 5.2167015e-01, 8.6441920e-01
 340,   168,    16,  29.7128899, 132.7610581, -0.8919125, -0.0733531, 131.4575749,  18.5581395, 2.241181, 3.374828,  0.8734429,   4.3174881, 173.7147275, -29.7087081, 2.2760416e-01, 2.9421057e-01, 3.7792791e-01, 5.6901642e-01
 269,    67,    66,  93.3039256, 145.6902523, -0.9918982,  0.0899262, 144.5034431,  18.5581395, 3.940846, 4.300072,  1.0000000,   4.3174881, 279.9160101,  5.2385896, 0.0000000e+00, 0.0000000e+00, 0.0000000e+00, 0.0000000e+00
 200,   118,    36,  42.9207010, 145.6902523, -0.9771251, -0.0025673, 144.5034431,  18.5581395, 3.708400, 4.218741,  1.0000000,   4.3174881, 226.0889696, -17.1818827, 2.9792203e-01, 3.8508605e-01, 4.9462707e-01, 8.2906026e-01
 289,    98,    26,  64.9938825, 145.6902523, -0.9516085, -0.0434376, 144.5034431,  18.5581395, 3.499504, 4.112836,  1.0000000,   4.3174881, 244.4247635, -29.9799939, 5.2931068e-02, 6.8417607e-02, 8.7880140e-02, 1.4594926e-01
 306,   118,    46,  41.4299526, 145.6902523, -0.9907001,  0.0388217, 144.5034431,  18.5581395, 3.928828, 4.280619,  1.0000000,   4.3174881, 227.5414842, -7.2877717, 3.2147692e-01, 4.1553138e-01, 5.3373099e-01, 8.9910332e-01
 194,    98,    16,  68.9200679, 145.6902523, -0.9170714, -0.0755435, 144.5034431,  18.5581395, 3.221039, 3.972856,  1.0000000,   4.3174881, 242.9723607, -39.8743620, 1.0806689e-02, 1.3968600e-02, 1.7942367e-02, 2.9397895e-02
 199,   118,    16,  51.9005603, 145.6902523, -0.9120646, -0.0755631, 144.5034431,  18.5581395, 3.030104, 3.951320,  1.0000000,   4.3174881, 223.1840922, -36.9695629, 1.7954052e-01, 2.3207224e-01, 2.9809227e-01, 4.8732223e-01
 288,    98,     6,  73.9979908, 145.6902523, -0.8734462, -0.1027417, 144.5034431,  18.5581395, 2.943364, 3.797093,  1.0000000,   4.3174881, 241.5197919, -49.7683091, 0.0000000e+00, 0.0000000e+00, 0.0000000e+00, 0.0000000e+00
 305,   118,    26,  46.5608502, 145.6902523, -0.9506718, -0.0413057, 144.5034431,  18.5581395, 3.380024, 4.108387,  1.0000000,   4.3174881, 224.6364225, -27.0755613, 2.4740658e-01, 3.1979271e-01, 4.1076321e-01, 6.8190964e-01
 222,     8,    46, 151.4122523, 145.6902523, -0.9852712,  0.0048948, 144.5034431,  18.5581395, 3.858180, 4.253949,  1.0000000,   4.3174881, 336.3743118, -23.2627955, 0.0000000e+00, 0.0000000e+00, 0.0000000e+00, 0.0000000e+00
 221,     8,    36, 151.8274282, 145.6902523, -0.9721114, -0.0229399, 144.5034431,  18.5581395, 3.771893, 4.198248,  1.0000000,   4.3174881, 334.9224900, -33.1567875, 0.0000000e+00, 0.0000000e+00, 0.0000000e+00, 0.0000000e+00
 220,     8,    26, 152.8971369, 145.6902523, -0.9537617, -0.0494261, 144.5034431,  18.5581395, 3.660083, 4.123380,  1.0000000,   4.3174881, 333.4707615, -43.0512863, 0.0000000e+00, 0.0000000e+00, 0.0000000e+00, 0.0000000e+00
 201,   117,    56,  42.3161724, 145.6902523, -0.9912518,  0.0809348, 144.5034431,  18.5581395, 3.967077, 4.293960,  1.0000000,   4.3174881, 228.9935005,  2.6060913, 3.1299955e-01, 4.0457356e-01, 5.1965579e-01, 8.7631194e-01
 87,   103,    21,  62.4481088, 145.6902523, -0.9320177, -0.0624305, 144.5034431,  18.5581395, 3.305734, 4.032993,  1.0000000,   4.3174881, 238.4937397, -34.9742709, 7.7408220e-02, 1.0005665e-01, 1.2852010e-01, 2.1184622e-01
 195,    98,    36,  62.4367818, 145.6902523, -0.9761347, -0.0076454, 144.5034431,  18.5581395, 3.743683, 4.214579,  1.0000000,   4.3174881, 245.8760206, -20.0865570, 8.3081927e-02, 1.0738949e-01, 1.3793739e-01, 2.3112116e-01
 49,   128,    28,  36.8697598, 145.6902523, -0.9545657, -0.0348220, 144.5034431,  18.5581395, 3.328990, 4.124067,  1.0000000,   4.3174881, 214.5393136, -24.2378534, 3.1856178e-01, 4.1176617e-01, 5.2889957e-01, 8.7927630e-01
 287,    87,   106,  92.3936592, 145.3241713, -0.8832308,  0.2258874, 144.4991086,  18.5581395, 3.240708, 3.936076,  1.0000000,   4.3174881, 265.9363476, 47.7191407, 0.0000000e+00, 0.0000000e+00, 0.0000000e+00, 0.0000000e+00
 277,    77,    86,  90.1320311, 145.5122091, -0.9578313,  0.1630251, 144.5014306,  18.5581395, 3.709971, 4.194897,  1.0000000,   4.3174881, 272.9257519, 26.4795178, 0.0000000e+00, 0.0000000e+00, 0.0000000e+00, 0.0000000e+00
 275,    78,    46,  81.4184507, 145.6902523, -0.9891751,  0.0233137, 144.5034431,  18.5581395, 3.895237, 4.271938,  1.0000000,   4.3174881, 267.1171565, -13.0972811, 0.0000000e+00, 0.0000000e+00, 0.0000000e+00, 0.0000000e+00
 191,    77,    56,  81.8723529, 145.6902523, -0.9942186,  0.0595146, 144.5034431,  18.5581395, 3.955762, 4.300211,  1.0000000,   4.3174881, 268.5687494, -3.2030753, 0.0000000e+00, 0.0000000e+00, 0.0000000e+00, 0.0000000e+00
 276,    77,    66,  83.5307432, 145.6902523, -0.9903931,  0.0955422, 144.5034431,  18.5581395, 3.934621, 4.295861,  1.0000000,   4.3174881, 270.0214640,  6.6906193, 0.0000000e+00, 0.0000000e+00, 0.0000000e+00, 0.0000000e+00
 192,    77,    76,  86.3196939, 145.6053437, -0.9780656,  0.1303602, 144.5025030,  18.5581395, 3.849336, 4.260130,  1.0000000,   4.3174881, 271.4731254, 16.5855028, 0.0000000e+00, 0.0000000e+00, 0.0000000e+00, 0.0000000e+00
 47,    97,     2,  76.5442113, 145.6902523, -0.8538133, -0.1120323, 144.5034431,  18.5581395, 2.840103, 3.717927,  1.0000000,   4.3174881, 241.2228477, -53.7831843, 0.0000000e+00, 0.0000000e+00, 0.0000000e+00, 0.0000000e+00
 355,   188,     6,  36.7007282, 111.7682024, -0.7896179, -0.0961686, 110.2167253,  18.5581395, 1.918932, 2.328978,  0.6781409,   4.3174881, 152.4738779, -36.6973426, 1.0063792e-01, 1.3011664e-01, 1.6718905e-01, 1.3592976e-01
 249,    37,   106, 134.8367387, 145.3937322, -0.9364558,  0.1912996, 144.4999947,  18.5581395, 3.634579, 4.126636,  1.0000000,   4.3174881, 315.4069726, 40.4582294, 0.0000000e+00, 0.0000000e+00, 0.0000000e+00, 0.0000000e+00
 185,    37,    96, 130.8039836, 145.4815443, -0.9592941,  0.1649670, 144.5010671,  18.5581395, 3.755053, 4.202536,  1.0000000,   4.3174881, 313.9538154, 30.5646201, 0.0000000e+00, 0.0000000e+00, 0.0000000e+00, 0.0000000e+00
 248,    37,    86, 127.4259414, 145.5733422, -0.9769145,  0.1364664, 144.5021396,  18.5581395, 3.851187, 4.258770,  1.0000000,   4.3174881, 312.5014029, 20.6697246, 0.0000000e+00, 0.0000000e+00, 0.0000000e+00, 0.0000000e+00
 184,    37,    76, 124.7556257, 145.6690939, -0.9888262,  0.1062982, 144.5032120,  18.5581395, 3.913976, 4.293842,  1.0000000,   4.3174881, 311.0490466, 10.7761720, 0.0000000e+00, 0.0000000e+00, 0.0000000e+00, 0.0000000e+00
 247,    37,    66, 122.8414308, 145.6902523, -0.9946385,  0.0750272, 144.5034431,  18.5581395, 3.944119, 4.306540,  1.0000000,   4.3174881, 309.5978485,  0.8820275, 0.0000000e+00, 0.0000000e+00, 0.0000000e+00, 0.0000000e+00
 314,   127,    56,  32.5962351, 145.6902523, -0.9895393,  0.0873353, 144.5034431,  18.5581395, 3.955775, 4.288932,  1.0000000,   4.3174881, 219.0993365,  4.0585586, 3.3857633e-01, 4.3763341e-01, 5.6211977e-01, 9.4754669e-01
 91,    99,     8,  71.3779935, 145.6902523, -0.8828917, -0.0974049, 144.5034431,  18.5581395, 2.986367, 3.835003,  1.0000000,   4.3174881, 240.1471408, -47.3755873, 0.0000000e+00, 0.0000000e+00, 0.0000000e+00, 0.0000000e+00
 44,   105,    36,  54.8388513, 145.6902523, -0.9763908, -0.0060310, 144.5034431,  18.5581395, 3.732036, 4.215636,  1.0000000,   4.3174881, 238.1909894, -19.0253971, 1.6661003e-01, 2.1535569e-01, 2.7661551e-01, 4.6352430e-01
 311,   128,    26,  37.9449466, 145.6902523, -0.9500792, -0.0400580, 144.5034431,  18.5581395, 3.278993, 4.105600,  1.0000000,   4.3174881, 214.7423299, -25.6240714, 3.1631985e-01, 4.0886866e-01, 5.2517842e-01, 8.7162900e-01
 310,   128,    16,  44.3348793, 145.6902523, -0.9090680, -0.0754576, 144.5034431,  18.5581395, 2.888468, 3.938388,  1.0000000,   4.3174881, 213.2902134, -35.5177760, 2.5324658e-01, 3.2734416e-01, 4.2046758e-01, 6.8644490e-01
 313,   128,    46,  31.4367982, 145.6902523, -0.9907922,  0.0435327, 144.5034431,  18.5581395, 3.939318, 4.281861,  1.0000000,   4.3174881, 217.6469697, -5.8357259, 3.3771787e-01, 4.3652392e-01, 5.6069490e-01, 9.4461846e-01
 312,   128,    36,  33.3770289, 145.6902523, -0.9776002,  0.0003198, 144.5034431,  18.5581395, 3.671862, 4.220777,  1.0000000,   4.3174881, 216.1943789, -15.7299071, 3.3030237e-01, 4.2693996e-01, 5.4838663e-01, 9.1932389e-01
 41,    24,     8, 140.4850194, 145.6902523, -0.9043595, -0.0936915, 144.5034431,  18.5581395, 3.369213, 3.925459,  1.0000000,   4.3174881, 314.4073845, -58.6693234, 0.0000000e+00, 0.0000000e+00, 0.0000000e+00, 0.0000000e+00