 ID     X      Y      Rrup         D           Rfn         Rfp          s            h          ctildepr    IDP          C          S            U            T         fD 2.00s        fD 3.00s        fD 5.00s        fD 10.00s    
 217,   177,    76,  31.0521991,  72.3899808, -0.6566300,  0.1643658,  70.4621243,  18.5117083, 1.692513, 1.557956,  0.5409167,   4.2550753, 172.5339031, 31.1072956, 7.0358964e-03, 9.1433455e-03, 1.1828197e-02, -1.8335029e-01
 216,   177,    56,  11.3248948,  69.9478007, -0.9088553,  0.1250552,  67.5572684,  18.5117083, 2.507000, 3.865062,  1.0000000,   4.2129757, 169.6290472, 11.3203431, 2.8711852e-01, 3.7112821e-01, 4.7670998e-01, 7.7202214e-01
 352,   177,    66,  21.1882978,  71.1603073, -0.7987790,  0.1608052,  69.0095904,  18.5117083, 1.982684, 2.472943,  0.7167781,   4.2342455, 171.0813692, 21.2135694, 1.1811531e-01, 1.5270480e-01, 1.9619807e-01, 1.9554580e-01
 215,   178,    36,   8.4825313,  67.2511312, -0.9282673,  0.0040845,  64.6531616,  18.5117083, 2.750778, 3.870018,  1.0000000,   4.1690370, 166.7249404, -8.4678712, 2.8772019e-01, 3.7190583e-01, 4.7770863e-01, 7.7407446e-01
 351,   178,    46,   1.5103902,  68.6484688, -0.9583818,  0.0657314,  66.1054379,  18.5117083, 3.700365, 4.026255,  1.0000000,   4.1912510, 168.1772167,  1.4257576, 3.0668736e-01, 3.9641942e-01, 5.0919039e-01, 8.3877221e-01
 257,    47,    86, 117.9367205,  86.4673676, -0.9600019,  0.1561885,  84.6873362,  18.5117083, 3.674480, 4.199295,  1.0000000,   4.3174881, 302.6076666, 22.1222821, 0.0000000e+00, 0.0000000e+00, 0.0000000e+00, 0.0000000e+00
 256,    47,    76, 115.0481218,  86.6262115, -0.9812821,  0.1192234,  84.6884086,  18.5117083, 3.757351, 4.267829,  1.0000000,   4.3174881, 301.1562858, 12.2283665, 0.0000000e+00, 0.0000000e+00, 0.0000000e+00, 0.0000000e+00
 347,   167,    86,  39.4684369,  83.3471165, -0.6005215,  0.1814265,  81.8086385,  18.5117083, 1.620515, 1.346880,  0.4972818,   4.3174881, 183.8804173, 39.5489811, -1.8588733e-02, -2.3974482e-02, -3.0703621e-02, -2.7075687e-01
 255,    47,    66, 112.9682610,  86.6884022, -0.9920047,  0.0798200,  84.6888170,  18.5117083, 3.804122, 4.296811,  1.0000000,   4.3174881, 299.7036402,  2.3341417, 0.0000000e+00, 0.0000000e+00, 0.0000000e+00, 0.0000000e+00
 254,    47,    56, 111.7472957,  86.6884022, -0.9913973,  0.0394273,  84.6888170,  18.5117083, 3.800444, 4.283730,  1.0000000,   4.3174881, 298.2507476, -7.5601347, 0.0000000e+00, 0.0000000e+00, 0.0000000e+00, 0.0000000e+00
 344,   167,    56,   9.8764363,  79.5712252, -0.9364274,  0.1212901,  77.4517233,  18.5117083, 2.728906, 4.076787,  1.0000000,   4.3174881, 179.5235021,  9.8675049, 3.1282193e-01, 4.0434786e-01, 5.1937256e-01, 8.5969746e-01
 343,   168,    46,   0.4992125,  78.2218450, -0.9683219,  0.0588730,  75.9998270,  18.5117083, 3.923832, 4.188438,  1.0000000,   4.3174881, 178.0716057, -0.0268157, 3.2637639e-01, 4.2186595e-01, 5.4187029e-01, 9.0593224e-01
 346,   167,    76,  29.6043621,  82.0744072, -0.7331579,  0.1876320,  80.3558183,  18.5117083, 1.826026, 2.031792,  0.6218341,   4.3174881, 182.4275971, 29.6550810, 6.4559529e-02, 8.3488139e-02, 1.0730606e-01, 1.2865000e-02
 258,    47,    96, 121.5777089,  86.3150319, -0.9292687,  0.1894911,  84.6862639,  18.5117083, 3.551479, 4.094671,  1.0000000,   4.3174881, 304.0602716, 32.0156098, 0.0000000e+00, 0.0000000e+00, 0.0000000e+00, 0.0000000e+00
 345,   167,    66,  19.7407577,  80.8152999, -0.8516390,  0.1672523,  78.9032467,  18.5117083, 2.151147, 3.068477,  0.8188768,   4.3174881, 180.9750255, 19.7616525, 1.9041308e-01, 2.4614400e-01, 3.1619806e-01, 4.4215621e-01
 88,   102,    16,  65.5523885,  86.6884022, -0.8329577, -0.1011005,  84.6888170,  18.5117083, 2.909039, 3.622678,  1.0000000,   4.3174881, 238.8568467, -39.7850196, 3.8203964e-02, 4.9383047e-02, 6.3433266e-02, 9.9574761e-02
 336,   158,    46,   1.9712118,  86.6884022, -0.9742243,  0.0515523,  84.6888170,  18.5117083, 3.883259, 4.212087,  1.0000000,   4.3174881, 187.9650782, -1.4786494, 3.2924733e-01, 4.2557641e-01, 5.4663548e-01, 9.1572512e-01
 210,   158,    36,  11.3835062,  86.4465016, -0.9413038, -0.0092305,  84.4411883,  18.5117083, 2.705132, 4.064264,  1.0000000,   4.3174881, 186.5129671, -11.3725863, 3.1130159e-01, 4.0238295e-01, 5.1684910e-01, 8.5451153e-01
 335,   158,    26,  21.2728674,  85.0279121, -0.8586511, -0.0539479,  82.9883274,  18.5117083, 2.154960, 3.050324,  0.8211880,   4.3174881, 185.0601062, -21.2670260, 1.8820933e-01, 2.4329583e-01, 3.1254028e-01, 4.3463916e-01
 209,   158,    16,  31.1647096,  83.6115295, -0.7381358, -0.0717529,  81.5365227,  18.5117083, 1.823758, 1.986659,  0.6204597,   4.3174881, 183.6083014, -31.1607225, 5.9080376e-02, 7.6406763e-02, 9.8211745e-02, -5.8245977e-03
 176,    18,    16, 144.8274252,  86.6884022, -0.8879892, -0.0982975,  84.6888170,  18.5117083, 3.325550, 3.857301,  1.0000000,   4.3174881, 322.1241591, -51.4921386, 0.0000000e+00, 0.0000000e+00, 0.0000000e+00, 0.0000000e+00
 229,    18,     6, 147.3111653,  86.6884022, -0.8433191, -0.1202583,  84.6888170,  18.5117083, 3.159705, 3.677854,  1.0000000,   4.3174881, 320.6714753, -61.3857252, 0.0000000e+00, 0.0000000e+00, 0.0000000e+00, 0.0000000e+00
 319,   127,   106,  66.4880358,  85.9865137, -0.6458975,  0.2389821,  84.6837735,  18.5117083, 2.269900, 2.648864,  0.8908482,   4.3174881, 226.3605291, 53.5277549, 1.6327363e-02, 2.1107693e-02, 2.7117755e-02, 3.1419729e-02
 230,    18,    26, 143.0007888,  86.6884022, -0.9257813, -0.0716433,  84.6888170,  18.5117083, 3.478625, 4.009000,  1.0000000,   4.3174881, 323.5762886, -41.5985974, 0.0000000e+00, 0.0000000e+00, 0.0000000e+00, 0.0000000e+00
 66,    21,    43, 137.9825165,  86.6884022, -0.9717156, -0.0178261,  84.6888170,  18.5117083, 3.683757, 4.196076,  1.0000000,   4.3174881, 322.5628126, -24.4271217, 0.0000000e+00, 0.0000000e+00, 0.0000000e+00, 0.0000000e+00
 300,   107,    66,  54.7072236,  86.6275660, -0.9713218,  0.1236983,  84.6884176,  18.5117083, 3.750007, 4.227540,  1.0000000,   4.3174881, 240.3390912, 11.0479847, 1.6879319e-01, 2.1817748e-01, 2.8023979e-01, 4.7006140e-01
 281,    88,    46,  71.4198370,  86.6884022, -0.9810327,  0.0127077,  84.6888170,  18.5117083, 3.780701, 4.235952,  1.0000000,   4.3174881, 257.2230372, -11.6442673, 0.0000000e+00, 0.0000000e+00, 0.0000000e+00, 0.0000000e+00
 296,   108,    26,  55.6420252,  86.6884022, -0.9006400, -0.0688840,  84.6888170,  18.5117083, 3.224932, 3.899859,  1.0000000,   4.3174881, 234.5303861, -28.5277690, 1.3943647e-01, 1.8023465e-01, 2.3150876e-01, 3.7638554e-01
 297,   108,    36,  52.6337149,  86.6884022, -0.9520079, -0.0275027,  84.6888170,  18.5117083, 3.572238, 4.111998,  1.0000000,   4.3174881, 235.9828412, -18.6341085, 1.8355961e-01, 2.3726537e-01, 3.0475949e-01, 5.0609881e-01
 231,    18,    46, 141.4126600,  86.6884022, -0.9774775, -0.0076152,  84.6888170,  18.5117083, 3.709558, 4.220376,  1.0000000,   4.3174881, 326.4803705, -21.8100085, 0.0000000e+00, 0.0000000e+00, 0.0000000e+00, 0.0000000e+00
 279,    88,    26,  74.5145691,  86.6884022, -0.9091114, -0.0704869,  84.6888170,  18.5117083, 3.337892, 3.936858,  1.0000000,   4.3174881, 254.3190654, -31.4328762, 0.0000000e+00, 0.0000000e+00, 0.0000000e+00, 0.0000000e+00
 178,    17,    56, 141.6753629,  86.6884022, -0.9903307,  0.0277487,  84.6888170,  18.5117083, 3.771079, 4.277419,  1.0000000,   4.3174881, 327.9330324, -11.9165048, 0.0000000e+00, 0.0000000e+00, 0.0000000e+00, 0.0000000e+00
 85,   110,    51,  49.3280184,  86.6884022, -0.9870829,  0.0462470,  84.6888170,  18.5117083, 3.872129, 4.266394,  1.0000000,   4.3174881, 235.9322187, -3.8931231, 2.3141608e-01, 2.9912162e-01, 3.8420830e-01, 6.4649116e-01
 232,    17,    66, 142.6394054,  86.6884022, -0.9942636,  0.0638997,  84.6888170,  18.5117083, 3.790189, 4.301578,  1.0000000,   4.3174881, 329.3847883, -2.0226668, 0.0000000e+00, 0.0000000e+00, 0.0000000e+00, 0.0000000e+00
 219,     8,    16, 154.6066173,  86.6884022, -0.8914004, -0.0976395,  84.6888170,  18.5117083, 3.344631, 3.871629,  1.0000000,   4.3174881, 332.0182094, -52.9450971, 0.0000000e+00, 0.0000000e+00, 0.0000000e+00, 0.0000000e+00
 179,    17,    76, 144.2929871,  86.6884022, -0.9894181,  0.0997534,  84.6888170,  18.5117083, 3.766874, 4.293457,  1.0000000,   4.3174881, 330.8378297,  7.8719951, 0.0000000e+00, 0.0000000e+00, 0.0000000e+00, 0.0000000e+00
 240,    27,    66, 132.7325096,  86.6884022, -0.9937893,  0.0688369,  84.6888170,  18.5117083, 3.795469, 4.300954,  1.0000000,   4.3174881, 319.4909426, -0.5706710, 0.0000000e+00, 0.0000000e+00, 0.0000000e+00, 0.0000000e+00
 239,    27,    56, 131.6963224,  86.6884022, -0.9907645,  0.0313518,  84.6888170,  18.5117083, 3.780159, 4.279755,  1.0000000,   4.3174881, 318.0395751, -10.4643410, 0.0000000e+00, 0.0000000e+00, 0.0000000e+00, 0.0000000e+00
 238,    28,    46, 131.4140810,  86.6884022, -0.9780141, -0.0053829,  84.6888170,  18.5117083, 3.716817, 4.222628,  1.0000000,   4.3174881, 316.5873184, -20.3576594, 0.0000000e+00, 0.0000000e+00, 0.0000000e+00, 0.0000000e+00
 237,    28,    36, 131.8914611,  86.6884022, -0.9556572, -0.0401238,  84.6888170,  18.5117083, 3.610046, 4.129674,  1.0000000,   4.3174881, 315.1347254, -30.2521381, 0.0000000e+00, 0.0000000e+00, 0.0000000e+00, 0.0000000e+00
 236,    28,    26, 133.1205592,  86.6884022, -0.9241437, -0.0716651,  84.6888170,  18.5117083, 3.468613, 4.001959,  1.0000000,   4.3174881, 313.6824655, -40.1456568, 0.0000000e+00, 0.0000000e+00, 0.0000000e+00, 0.0000000e+00
 158,    96,    41,  62.9590731,  86.6884022, -0.9701119, -0.0066454,  84.6888170,  18.5117083, 3.710487, 4.188545,  1.0000000,   4.3174881, 247.8696318, -15.1420644, 7.6602782e-02, 9.9014836e-02, 1.2718068e-01, 2.1263045e-01
 159,    98,    40,  61.1940919,  86.6884022, -0.9648629, -0.0141868,  84.6888170,  18.5117083, 3.672810, 4.166234,  1.0000000,   4.3174881, 245.6602447, -16.5921592, 9.5010128e-02, 1.2280783e-01, 1.5774206e-01, 2.6321965e-01
 160,   101,    38,  58.8310421,  86.6884022, -0.9603219, -0.0196532,  84.6888170,  18.5117083, 3.639399, 4.147046,  1.0000000,   4.3174881, 242.9119965, -17.5460313, 1.1963869e-01, 1.5464226e-01, 1.9863242e-01, 3.3089599e-01
 161,   103,    37,  56.7880157,  86.6884022, -0.9561922, -0.0241334,  84.6888170,  18.5117083, 3.607896, 4.129663,  1.0000000,   4.3174881, 240.5127051, -18.3123178, 1.4059362e-01, 1.8172827e-01, 2.3342367e-01, 3.8825332e-01
 128,    90,    39,  69.0593516,  86.6884022, -0.9621657, -0.0202159,  84.6888170,  18.5117083, 3.653067, 4.155056,  1.0000000,   4.3174881, 253.2662759, -18.5994642, 1.0106445e-02, 1.3063357e-02, 1.6779404e-02, 2.7972019e-02
 162,    76,    26,  85.8848064,  86.6884022, -0.9117475, -0.0719046,  84.6888170,  18.5117083, 3.372980, 3.948682,  1.0000000,   4.3174881, 265.8845264, -33.3969323, 0.0000000e+00, 0.0000000e+00, 0.0000000e+00, 0.0000000e+00
 163,    78,    28,  82.9778774,  86.6884022, -0.9217871, -0.0639512,  84.6888170,  18.5117083, 3.421751, 3.989371,  1.0000000,   4.3174881, 263.8085362, -30.8008851, 0.0000000e+00, 0.0000000e+00, 0.0000000e+00, 0.0000000e+00
 164,    81,    30,  79.7908997,  86.6884022, -0.9303182, -0.0563626,  84.6888170,  18.5117083, 3.464724, 4.024003,  1.0000000,   4.3174881, 261.3297743, -28.3862078, 0.0000000e+00, 0.0000000e+00, 0.0000000e+00, 0.0000000e+00
 165,    85,    34,  75.4718874,  86.6884022, -0.9464123, -0.0403880,  84.6888170,  18.5117083, 3.554719, 4.089843,  1.0000000,   4.3174881, 258.3458090, -23.9021870, 0.0000000e+00, 0.0000000e+00, 0.0000000e+00, 0.0000000e+00
 166,    87,    35,  72.4888597,  86.6884022, -0.9503215, -0.0354726,  84.6888170,  18.5117083, 3.577113, 4.105859,  1.0000000,   4.3174881, 255.6954027, -22.4138057, 0.0000000e+00, 0.0000000e+00, 0.0000000e+00, 0.0000000e+00
 150,    63,    52,  95.8787737,  86.6884022, -0.9883677,  0.0288141,  84.6888170,  18.5117083, 3.799319, 4.269079,  1.0000000,   4.3174881, 282.1748860, -9.4129678, 0.0000000e+00, 0.0000000e+00, 0.0000000e+00, 0.0000000e+00
 151,    68,    50,  90.6551289,  86.6884022, -0.9865781,  0.0235006,  84.6888170,  18.5117083, 3.794259, 4.260748,  1.0000000,   4.3174881, 276.8189255, -10.3730977, 0.0000000e+00, 0.0000000e+00, 0.0000000e+00, 0.0000000e+00
 149,    60,    54,  99.5346947,  86.6884022, -0.9898545,  0.0344766,  84.6888170,  18.5117083, 3.804179, 4.276277,  1.0000000,   4.3174881, 285.9510432, -8.2560345, 0.0000000e+00, 0.0000000e+00, 0.0000000e+00, 0.0000000e+00
 154,    82,    48,  76.5493427,  86.6884022, -0.9838513,  0.0187883,  84.6888170,  18.5117083, 3.793674, 4.248541,  1.0000000,   4.3174881, 262.5644590, -10.6455484, 0.0000000e+00, 0.0000000e+00, 0.0000000e+00, 0.0000000e+00
 155,    86,    46,  72.6086022,  86.6884022, -0.9811327,  0.0126052,  84.6888170,  18.5117083, 3.779944, 4.236378,  1.0000000,   4.3174881, 258.4120314, -11.7402045, 0.0000000e+00, 0.0000000e+00, 0.0000000e+00, 0.0000000e+00
 152,    74,    49,  84.8395561,  86.6884022, -0.9855158,  0.0215234,  84.6888170,  18.5117083, 3.794348, 4.255967,  1.0000000,   4.3174881, 270.9455532, -10.5068895, 0.0000000e+00, 0.0000000e+00, 0.0000000e+00, 0.0000000e+00
 153,    79,    49,  80.2352271,  86.6884022, -0.9848015,  0.0205684,  84.6888170,  18.5117083, 3.795349, 4.252796,  1.0000000,   4.3174881, 266.3088723, -10.4649357, 0.0000000e+00, 0.0000000e+00, 0.0000000e+00, 0.0000000e+00
 156,    90,    44,  69.1530197,  86.6884022, -0.9771974,  0.0046365,  84.6888170,  18.5117083, 3.756282, 4.219085,  1.0000000,   4.3174881, 254.6378042, -13.2127296, 9.3195209e-03, 1.2046163e-02, 1.5472797e-02, 2.5935194e-02
 157,    93,    43,  65.7073317,  86.6884022, -0.9744267,  0.0001430,  84.6888170,  18.5117083, 3.739804, 4.207076,  1.0000000,   4.3174881, 250.9747465, -13.9193317, 4.7024609e-02, 6.0782782e-02, 7.8073018e-02, 1.3073323e-01
 193,    77,    96,  94.8434792,  86.2419113, -0.8865931,  0.2133420,  84.6857321,  18.5117083, 3.340878, 3.937119,  1.0000000,   4.3174881, 274.3785785, 36.3727463, 0.0000000e+00, 0.0000000e+00, 0.0000000e+00, 0.0000000e+00
 278,    77,   106, 100.3267629,  86.0993498, -0.8324585,  0.2386185,  84.6846597,  18.5117083, 3.130414, 3.738870,  1.0000000,   4.3174881, 275.8302521, 46.2667948, 0.0000000e+00, 0.0000000e+00, 0.0000000e+00, 0.0000000e+00
 228,     7,   106, 162.3790575,  86.2648639, -0.9362845,  0.1886128,  84.6859003,  18.5117083, 3.593954, 4.123605,  1.0000000,   4.3174881, 345.0884564, 36.1017231, 0.0000000e+00, 0.0000000e+00, 0.0000000e+00, 0.0000000e+00
 43,    77,    46,  81.5000415,  86.6884022, -0.9804788,  0.0086208,  84.6888170,  18.5117083, 3.765718, 4.233369,  1.0000000,   4.3174881, 267.1857397, -13.1834930, 0.0000000e+00, 0.0000000e+00, 0.0000000e+00, 0.0000000e+00
 356,   188,    16,  26.8083098,  55.0596396, -0.6053020,  0.0109822,  51.8544170,  18.5117083, 1.637725, 1.213631,  0.5077121,   3.9484401, 153.9261958, -26.8036748, -3.4765217e-02, -4.4881323e-02, -5.7553388e-02, -3.2593547e-01
 309,   117,   106,  71.7611471,  86.0087244, -0.6962654,  0.2462390,  84.6839508,  18.5117083, 2.485449, 3.188573,  1.0000000,   4.3174881, 236.2545277, 52.0752720, 0.0000000e+00, 0.0000000e+00, 0.0000000e+00, 0.0000000e+00
 357,   188,    26,  16.9171155,  56.4292530, -0.7912497, -0.0144771,  53.3064466,  18.5117083, 2.016956, 2.320758,  0.7375492,   3.9760573, 155.3782254, -16.9097695, 9.9640039e-02, 1.2882695e-01, 1.6553277e-01, 1.3252595e-01
 358,   188,    36,   7.0340925,  57.8029464, -0.9159582,  0.0131008,  54.7585360,  18.5117083, 2.788603, 3.666894,  1.0000000,   4.0029333, 156.8303148, -7.0164067, 2.6306099e-01, 3.4003575e-01, 4.3677924e-01, 6.8996101e-01
 359,   188,    46,   2.9213490,  59.1811964, -0.9413789,  0.0704276,  56.2114817,  18.5117083, 3.370389, 3.803529,  1.0000000,   4.0291210, 158.2832604,  2.8785041, 2.7964843e-01, 3.6147372e-01, 4.6431112e-01, 7.4654141e-01
 360,   187,    56,  12.7716966,  60.4129496, -0.8665984,  0.1209589,  57.6635436,  18.5117083, 2.276326, 3.174363,  0.8947427,   4.0546251, 159.7353224, 12.7715195, 2.0326770e-01, 2.6275760e-01, 3.3753420e-01, 4.8600384e-01
 307,   117,    66,  45.4388124,  86.6008610, -0.9630227,  0.1326457,  84.6882404,  18.5117083, 3.692405, 4.197095,  1.0000000,   4.3174881, 230.4453288, 12.5000303, 2.6806681e-01, 3.4649631e-01, 4.4506071e-01, 7.4462729e-01
 202,   117,    76,  50.3754940,  86.4430280, -0.9182985,  0.1778036,  84.6871679,  18.5117083, 3.381430, 4.038378,  1.0000000,   4.3174881, 231.8972801, 22.3943685, 2.0158230e-01, 2.6056205e-01, 3.3468489e-01, 5.5196681e-01
 308,   117,    86,  56.6529297,  86.2917059, -0.8554760,  0.2127542,  84.6860955,  18.5117083, 3.045142, 3.806016,  1.0000000,   4.3174881, 233.3497016, 32.2883298, 1.2455056e-01, 1.6099409e-01, 2.0679604e-01, 3.3259617e-01
 203,   117,    96,  63.8763923,  86.1469266, -0.7797605,  0.2356990,  84.6850231,  18.5117083, 2.741013, 3.517045,  1.0000000,   4.3174881, 234.8018294, 42.1820000, 4.9982778e-02, 6.4609035e-02, 8.2992148e-02, 1.2816881e-01
 213,   157,    96,  48.6284114,  86.0548188, -0.5549212,  0.1929007,  84.6843142,  18.5117083, 1.709274, 1.397799,  0.5510749,   4.3174881, 195.2267463, 47.9909622, -8.8387401e-03, -1.1387761e-02, -1.4563703e-02, -1.7786257e-01
 338,   157,    86,  38.6631583,  86.1952596, -0.6759364,  0.2052867,  84.6853866,  18.5117083, 1.880136, 1.996595,  0.6546278,   4.3174881, 193.7747248, 38.0971299, 6.0286671e-02, 7.7965804e-02, 1.0021396e-01, -1.7098817e-03
 212,   157,    76,  28.7012007,  86.3422627, -0.7917369,  0.1966474,  84.6864590,  18.5117083, 2.126439, 2.831484,  0.8039022,   4.3174881, 192.3216531, 28.2031755, 1.6164217e-01, 2.0895985e-01, 2.6844404e-01, 3.4401756e-01
 337,   157,    66,  18.7487718,  86.4957929, -0.8895595,  0.1653131,  84.6875314,  18.5117083, 2.505959, 3.906419,  1.0000000,   4.3174881, 190.8693703, 18.3092423, 2.9213930e-01, 3.7761718e-01, 4.8504348e-01, 7.8914821e-01
 211,   157,    56,   8.8368655,  86.6558263, -0.9547248,  0.1141132,  84.6886039,  18.5117083, 3.150414, 4.151353,  1.0000000,   4.3174881, 189.4173063,  8.4146743, 3.2187421e-01, 4.1604722e-01, 5.3439755e-01, 8.9057511e-01
 207,   137,    76,  35.7879001,  86.3922948, -0.8709881,  0.1930125,  84.6868135,  18.5117083, 2.918775, 3.851708,  1.0000000,   4.3174881, 212.1093890, 25.2984177, 2.8549731e-01, 3.6903293e-01, 4.7401909e-01, 7.6649213e-01
 322,   137,    66,  28.4280747,  86.5479810, -0.9371132,  0.1508553,  84.6878859,  18.5117083, 3.393509, 4.098064,  1.0000000,   4.3174881, 210.6574860, 15.4041368, 3.1540497e-01, 4.0768624e-01, 5.2365990e-01, 8.6850830e-01
 189,    57,    96, 112.4834994,  86.2904765, -0.9173820,  0.1974854,  84.6860866,  18.5117083, 3.496434, 4.051521,  1.0000000,   4.3174881, 294.1662215, 33.4682017, 0.0000000e+00, 0.0000000e+00, 0.0000000e+00, 0.0000000e+00
 227,     7,    96, 159.0447550,  86.4150005, -0.9614087,  0.1594560,  84.6869727,  18.5117083, 3.678185, 4.207575,  1.0000000,   4.3174881, 343.6359593, 26.2076245, 0.0000000e+00, 0.0000000e+00, 0.0000000e+00, 0.0000000e+00
 323,   137,    86,  44.1844921,  86.2431255, -0.7851822,  0.2197244,  84.6857410,  18.5117083, 2.538962, 3.520249,  1.0000000,   4.3174881, 213.5620520, 35.1926877, 2.1104882e-01, 2.7280711e-01, 3.5042839e-01, 5.4146733e-01
 225,     7,    76, 154.1057459,  86.6884022, -0.9911160,  0.0940265,  84.6888170,  18.5117083, 3.768585, 4.298345,  1.0000000,   4.3174881, 340.7317667,  6.4195763, 0.0000000e+00, 0.0000000e+00, 0.0000000e+00, 0.0000000e+00
 262,    57,    66, 103.1194881,  86.6884022, -0.9905367,  0.0859307,  84.6888170,  18.5117083, 3.806564, 4.292693,  1.0000000,   4.3174881, 289.8093175,  3.7869895, 0.0000000e+00, 0.0000000e+00, 0.0000000e+00, 0.0000000e+00
 324,   137,   106,  62.3835428,  85.9644763, -0.5867442,  0.2247486,  84.6835962,  18.5117083, 2.041008, 2.040326,  0.7521258,   4.3174881, 216.4668981, 54.9807790, 1.6653540e-02, 2.1536092e-02, 2.7679667e-02, 4.1634439e-03
 187,    57,    56, 101.7815109,  86.6884022, -0.9915333,  0.0439659,  84.6888170,  18.5117083, 3.811718, 4.285140,  1.0000000,   4.3174881, 288.3574659, -6.1076550, 0.0000000e+00, 0.0000000e+00, 0.0000000e+00, 0.0000000e+00
 223,     7,    56, 151.6576132,  86.6884022, -0.9898484,  0.0244001,  84.6888170,  18.5117083, 3.762642, 4.274957,  1.0000000,   4.3174881, 337.8270430, -13.3683088, 0.0000000e+00, 0.0000000e+00, 0.0000000e+00, 0.0000000e+00
 263,    57,    86, 108.5393225,  86.4417465, -0.9522969,  0.1641770,  84.6871590,  18.5117083, 3.642076, 4.172185,  1.0000000,   4.3174881, 292.7143495, 23.5741216, 0.0000000e+00, 0.0000000e+00, 0.0000000e+00, 0.0000000e+00
 224,     7,    66, 152.5595058,  86.6884022, -0.9945357,  0.0592905,  84.6888170,  18.5117083, 3.784640, 4.301520,  1.0000000,   4.3174881, 339.2797121, -3.4746879, 0.0000000e+00, 0.0000000e+00, 0.0000000e+00, 0.0000000e+00
 188,    57,    76, 105.3929076,  86.5995207, -0.9771336,  0.1265426,  84.6882314,  18.5117083, 3.747012, 4.253992,  1.0000000,   4.3174881, 291.2615375, 13.6800747, 0.0000000e+00, 0.0000000e+00, 0.0000000e+00, 0.0000000e+00
 86,   113,    60,  47.8492928,  86.6884022, -0.9813452,  0.0986918,  84.6888170,  18.5117083, 3.832082, 4.258318,  1.0000000,   4.3174881, 234.2294914,  6.0008565, 2.4724609e-01, 3.1958314e-01, 4.1049038e-01, 6.9026746e-01
 190,    78,    36,  82.1871028,  86.6884022, -0.9541066, -0.0335795,  84.6888170,  18.5117083, 3.603258, 4.121894,  1.0000000,   4.3174881, 265.6649616, -22.9907030, 0.0000000e+00, 0.0000000e+00, 0.0000000e+00, 0.0000000e+00
 274,    78,    26,  84.1450891,  86.6884022, -0.9124880, -0.0709476,  84.6888170,  18.5117083, 3.374128, 3.951546,  1.0000000,   4.3174881, 264.2124125, -32.8840935, 0.0000000e+00, 0.0000000e+00, 0.0000000e+00, 0.0000000e+00
 51,   159,    43,   4.2388877,  86.4162581, -0.9697434,  0.0336991,  84.4102264,  18.5117083, 3.380519, 4.189383,  1.0000000,   4.3174881, 186.4820052, -4.2094744, 3.2649109e-01, 4.2201419e-01, 5.4206066e-01, 9.0632348e-01
 204,   138,    16,  37.9136723,  86.6884022, -0.7861367, -0.0896613,  84.6888170,  18.5117083, 2.327219, 3.161937,  0.9255875,   4.3174881, 203.3964278, -34.0653364, 2.0175911e-01, 2.6080786e-01, 3.3503024e-01, 4.8085797e-01
 181,    38,    16, 125.3737722,  86.6884022, -0.8800232, -0.0995295,  84.6888170,  18.5117083, 3.277583, 3.823713,  1.0000000,   4.3174881, 302.3354725, -48.5878805, 0.0000000e+00, 0.0000000e+00, 0.0000000e+00, 0.0000000e+00
 245,    38,    26, 123.2596130,  86.6884022, -0.9223207, -0.0716541,  84.6888170,  18.5117083, 3.456612, 3.994108,  1.0000000,   4.3174881, 303.7882428, -38.6938434, 0.0000000e+00, 0.0000000e+00, 0.0000000e+00, 0.0000000e+00
 42,    54,    33, 105.6461207,  86.6884022, -0.9435413, -0.0497270,  84.6888170,  18.5117083, 3.550686, 4.079382,  1.0000000,   4.3174881, 288.1024339, -29.8443659, 0.0000000e+00, 0.0000000e+00, 0.0000000e+00, 0.0000000e+00
 246,    38,    46, 121.4136540,  86.6884022, -0.9785552, -0.0029730,  84.6888170,  18.5117083, 3.724796, 4.224920,  1.0000000,   4.3174881, 306.6921718, -18.9061887, 0.0000000e+00, 0.0000000e+00, 0.0000000e+00, 0.0000000e+00
 182,    38,    36, 121.9318464,  86.6884022, -0.9554528, -0.0390586,  84.6888170,  18.5117083, 3.610137, 4.128601,  1.0000000,   4.3174881, 305.2413595, -28.7999187, 0.0000000e+00, 0.0000000e+00, 0.0000000e+00, 0.0000000e+00
 183,    37,    56, 121.7192682,  86.6884022, -0.9911292,  0.0352352,  84.6888170,  18.5117083, 3.789934, 4.281892,  1.0000000,   4.3174881, 308.1447606, -9.0120080, 0.0000000e+00, 0.0000000e+00, 0.0000000e+00, 0.0000000e+00
 206,   137,    56,  23.1170094,  86.6884022, -0.9754308,  0.0969882,  84.6888170,  18.5117083, 3.835177, 4.232178,  1.0000000,   4.3174881, 209.2057367,  5.5102883, 3.3168641e-01, 4.2872873e-01, 5.5068387e-01, 9.2404492e-01
 290,    98,    46,  61.4217342,  86.6884022, -0.9813351,  0.0168007,  84.6888170,  18.5117083, 3.796632, 4.237523,  1.0000000,   4.3174881, 247.3288049, -10.1918093, 9.5028695e-02, 1.2283145e-01, 1.5777174e-01, 2.6485637e-01
 196,    97,    56,  62.0232275,  86.6884022, -0.9894632,  0.0663371,  84.6888170,  18.5117083, 3.862280, 4.281586,  1.0000000,   4.3174881, 248.7811020, -0.2984434, 8.9787747e-02, 1.1605693e-01, 1.4906979e-01, 2.5113662e-01
 291,    97,    66,  64.1957534,  86.6544581, -0.9775768,  0.1151505,  84.6885949,  18.5117083, 3.780406, 4.249856,  1.0000000,   4.3174881, 250.2334374,  9.5953002, 6.4588213e-02, 8.3484885e-02, 1.0723269e-01, 1.8019582e-01
 197,    97,    76,  67.7824928,  86.4944794, -0.9473045,  0.1599040,  84.6875224,  18.5117083, 3.601772, 4.147835,  1.0000000,   4.3174881, 251.6853080, 19.4898393, 2.3760379e-02, 3.0712126e-02, 3.9448619e-02, 6.5720881e-02
 292,    97,    86,  72.5725027,  86.3410074, -0.9013003,  0.1979206,  84.6864500,  18.5117083, 3.359030, 3.984073,  1.0000000,   4.3174881, 253.1381735, 29.3835404, 0.0000000e+00, 0.0000000e+00, 0.0000000e+00, 0.0000000e+00
 52,   125,    44,  34.1054869,  86.6884022, -0.9754085,  0.0151913,  84.6888170,  18.5117083, 3.786356, 4.211825,  1.0000000,   4.3174881, 219.6761507, -8.9163887, 3.2921558e-01, 4.2553538e-01, 5.4658278e-01, 9.1561683e-01
 326,   148,    26,  24.1565910,  86.6884022, -0.8710532, -0.0593694,  84.6888170,  18.5117083, 2.498862, 3.769487,  1.0000000,   4.3174881, 194.9543062, -22.7190560, 2.7551571e-01, 3.5613249e-01, 4.5745161e-01, 7.3244452e-01
 325,   148,    16,  33.3059053,  86.6884022, -0.7647238, -0.0825661,  84.6888170,  18.5117083, 2.050464, 2.516748,  0.7578571,   4.3174881, 193.5024522, -32.6126081, 1.2343327e-01, 1.5957784e-01, 2.0502482e-01, 2.1368555e-01
 50,   153,    24,  24.8986627,  86.6884022, -0.8351879, -0.0654150,  84.6888170,  18.5117083, 2.150333, 2.960060,  0.8183839,   4.3174881, 189.2073772, -24.7731341, 1.7725125e-01, 2.2913337e-01, 2.9435204e-01, 3.9726073e-01
 328,   148,    46,  11.4898844,  86.6884022, -0.9777259,  0.0444499,  84.6888170,  18.5117083, 3.921111, 4.225680,  1.0000000,   4.3174881, 197.8590703, -2.9313502, 3.3089757e-01, 4.2770922e-01, 5.4937455e-01, 9.2135415e-01
 327,   148,    36,  16.0550803,  86.6884022, -0.9449297, -0.0141898,  84.6888170,  18.5117083, 3.193565, 4.080183,  1.0000000,   4.3174881, 196.4061235, -12.8250108, 3.1323418e-01, 4.0488067e-01, 5.2005681e-01, 8.6110366e-01
 329,   147,    56,  14.3613666,  86.6828890, -0.9670447,  0.1056720,  84.6887811,  18.5117083, 3.689993, 4.200057,  1.0000000,   4.3174881, 199.3112654,  6.9628808, 3.2778697e-01, 4.2368901e-01, 5.4421157e-01, 9.1074377e-01
 68,   105,    31,  56.2588891,  86.6884022, -0.9258759, -0.0525961,  84.6888170,  18.5117083, 3.392008, 4.003903,  1.0000000,   4.3174881, 237.3542796, -24.5986437, 1.3923126e-01, 1.7996841e-01, 2.3116507e-01, 3.7994913e-01
 99,   116,    68,  47.3860861,  86.5832216, -0.9598036,  0.1378354,  84.6881227,  18.5117083, 3.668568, 4.186453,  1.0000000,   4.3174881, 232.1489382, 13.6138447, 2.4583996e-01, 3.1776660e-01, 4.0815881e-01, 6.8226959e-01
 259,    47,   106, 125.9042502,  86.1692128, -0.8904110,  0.2181896,  84.6851914,  18.5117083, 3.402615, 3.958076,  1.0000000,   4.3174881, 305.5119335, 41.9100389, 0.0000000e+00, 0.0000000e+00, 0.0000000e+00, 0.0000000e+00
 348,   167,    96,  49.3327399,  84.6318246, -0.4687923,  0.1530042,  83.2606839,  18.5117083, 1.480561, 0.878163,  0.4124613,   4.3174881, 185.3324627, 49.4431103, -5.2006414e-02, -6.7179774e-02, -8.6217029e-02, -3.2024106e-01
 349,   167,   106,  59.1971666,  85.8994820, -0.3472539,  0.1088301,  84.6830645,  18.5117083, 1.380452, 0.552720,  0.3517889,   4.3174881, 186.7846005, 59.3373559, -4.1410781e-02, -5.3502189e-02, -6.8679695e-02, -2.1591933e-01
 234,    17,   106, 153.0955261,  86.2406859, -0.9271858,  0.1958690,  84.6857231,  18.5117083, 3.558916, 4.091462,  1.0000000,   4.3174881, 335.1944159, 37.5535822, 0.0000000e+00, 0.0000000e+00, 0.0000000e+00, 0.0000000e+00
 233,    17,    86, 146.6089012,  86.5453153, -0.9761887,  0.1342809,  84.6878679,  18.5117083, 3.727660, 4.254371,  1.0000000,   4.3174881, 332.2898584, 17.7655348, 0.0000000e+00, 0.0000000e+00, 0.0000000e+00, 0.0000000e+00
 180,    17,    96, 149.5558575,  86.3897479, -0.9551850,  0.1665748,  84.6867956,  18.5117083, 3.656942, 4.186240,  1.0000000,   4.3174881, 333.7427623, 27.6592025, 0.0000000e+00, 0.0000000e+00, 0.0000000e+00, 0.0000000e+00
 331,   147,    76,  30.8587454,  86.3671992, -0.8365651,  0.1972488,  84.6866363,  18.5117083, 2.555305, 3.710901,  1.0000000,   4.3174881, 202.2158696, 26.7501779, 2.6840340e-01, 3.4694039e-01, 4.4564658e-01, 7.0818415e-01
 330,   147,    66,  21.9053994,  86.5217948, -0.9170176,  0.1590989,  84.6877086,  18.5117083, 3.047997, 4.018359,  1.0000000,   4.3174881, 200.7630581, 16.8569045, 3.0572874e-01, 3.9518047e-01, 5.0759927e-01, 8.3550231e-01
 333,   147,    96,  49.9362295,  86.0775767, -0.6275073,  0.2169533,  84.6844914,  18.5117083, 1.980564, 2.051040,  0.7154931,   4.3174881, 205.1200177, 46.5386597, 4.4739739e-02, 5.7856051e-02, 7.4359441e-02, 1.3934852e-02
 332,   147,    86,  40.2930866,  86.2191116, -0.7365918,  0.2165492,  84.6855639,  18.5117083, 2.217293, 2.847308,  0.8589655,   4.3174881, 203.6683450, 36.6443224, 1.6196525e-01, 2.0937692e-01, 2.6897882e-01, 3.4714531e-01
 334,   147,   106,  59.6870540,  85.9426349, -0.5176818,  0.2008247,  84.6834190,  18.5117083, 1.808745, 1.465659,  0.6113607,   4.3174881, 206.5723069, 56.4326468, -1.4331416e-03, -1.8350351e-03, -2.3271669e-03, -7.6168145e-02
 318,   127,    96,  57.8914197,  86.1236305, -0.7382022,  0.2353772,  84.6848459,  18.5117083, 2.511810, 3.345273,  1.0000000,   4.3174881, 224.9084775, 43.6342160, 9.0417250e-02, 1.1687740e-01, 1.5013530e-01, 2.2472620e-01
 317,   127,    86,  49.8091065,  86.2673281, -0.8241469,  0.2178048,  84.6859183,  18.5117083, 2.818110, 3.680407,  1.0000000,   4.3174881, 223.4561983, 33.7403923, 1.7815196e-01, 2.3028112e-01, 2.9579799e-01, 4.6813036e-01
 316,   127,    76,  42.5354728,  86.4175742, -0.8975960,  0.1860957,  84.6869907,  18.5117083, 3.190456, 3.957774,  1.0000000,   4.3174881, 222.0036405, 23.8462944, 2.7315646e-01, 3.5307912e-01, 4.5352304e-01, 7.4192138e-01
 315,   127,    66,  36.5574020,  86.5743242, -0.9519569,  0.1418190,  84.6880631,  18.5117083, 3.586614, 4.155421,  1.0000000,   4.3174881, 220.5512714, 13.9526014, 3.2236816e-01, 4.1668563e-01, 5.3521742e-01, 8.9226002e-01
 273,    67,   106, 108.6022817,  86.1224494, -0.8548484,  0.2323739,  84.6848369,  18.5117083, 3.237757, 3.824728,  1.0000000,   4.3174881, 285.7246502, 44.8151459, 0.0000000e+00, 0.0000000e+00, 0.0000000e+00, 0.0000000e+00
 272,    67,    96, 103.5560262,  86.2661039, -0.9033094,  0.2054942,  84.6859094,  18.5117083, 3.427333, 3.999672,  1.0000000,   4.3174881, 284.2719759, 34.9205095, 0.0000000e+00, 0.0000000e+00, 0.0000000e+00, 0.0000000e+00
 271,    67,    86,  99.2586828,  86.4162892, -0.9429934,  0.1724574,  84.6869817,  18.5117083, 3.598429, 4.138889,  1.0000000,   4.3174881, 282.8200165, 25.0268271, 0.0000000e+00, 0.0000000e+00, 0.0000000e+00, 0.0000000e+00
 270,    67,    76,  95.8097767,  86.5729854, -0.9719620,  0.1342998,  84.6880541,  18.5117083, 3.729790, 4.236304,  1.0000000,   4.3174881, 281.3679455, 15.1331044, 0.0000000e+00, 0.0000000e+00, 0.0000000e+00, 0.0000000e+00
 303,   107,    96,  70.7745369,  86.1704010, -0.8142078,  0.2326394,  84.6852004,  18.5117083, 2.936954, 3.656011,  1.0000000,   4.3174881, 244.6961592, 40.7298900, 0.0000000e+00, 0.0000000e+00, 0.0000000e+00, 0.0000000e+00
 304,   107,   106,  77.9661285,  86.0311018, -0.7390360,  0.2485417,  84.6841280,  18.5117083, 2.681089, 3.366387,  1.0000000,   4.3174881, 246.1483649, 50.6237918, 0.0000000e+00, 0.0000000e+00, 0.0000000e+00, 0.0000000e+00
 301,   107,    76,  58.8739371,  86.4686644, -0.9345186,  0.1689169,  84.6873452,  18.5117083, 3.512529, 4.100154,  1.0000000,   4.3174881, 241.7917034, 20.9421427, 1.1706797e-01, 1.5131973e-01, 1.9436531e-01, 3.2242364e-01
 302,   107,    86,  64.3293424,  86.3162680, -0.8807775,  0.2058491,  84.6862728,  18.5117083, 3.222858, 3.905222,  1.0000000,   4.3174881, 243.2447696, 30.8359078, 5.5193257e-02, 7.1342417e-02, 9.1638249e-02, 1.4907260e-01
 354,   177,   106,  60.6448928,  76.1719638, -0.2472483,  0.0312191,  74.8191345,  18.5117083, 1.302203, 0.327304,  0.3043653,   4.3150737, 176.8909132, 60.7894670, -4.4394754e-02, -5.7361153e-02, -7.3639739e-02, -2.1609157e-01
 218,   177,    96,  50.7805586,  74.8961413, -0.3686666,  0.0910191,  73.3664372,  18.5117083, 1.389213, 0.582480,  0.3570989,   4.2954666, 175.4382160, 50.8953067, -7.1359837e-02, -9.2194973e-02, -1.1834713e-01, -3.7624948e-01
 353,   177,    86,  40.9165873,  73.6360260, -0.5077648,  0.1383695,  71.9149221,  18.5117083, 1.511372, 0.970098,  0.4311348,   4.2754838, 173.9867009, 41.0015103, -6.2364623e-02, -8.0552923e-02, -1.0336753e-01, -4.1374295e-01
 186,    58,    36, 102.0336704,  86.6884022, -0.9549094, -0.0366007,  84.6888170,  18.5117083, 3.608753, 4.125837,  1.0000000,   4.3174881, 285.4522647, -25.8954802, 0.0000000e+00, 0.0000000e+00, 0.0000000e+00, 0.0000000e+00
 235,    28,    16, 135.0808107,  86.6884022, -0.8842152, -0.0989334,  84.6888170,  18.5117083, 3.303429, 3.841410,  1.0000000,   4.3174881, 312.2300246, -50.0399777, 0.0000000e+00, 0.0000000e+00, 0.0000000e+00, 0.0000000e+00
 260,    58,    26, 103.6184781,  86.6884022, -0.9180032, -0.0714722,  84.6888170,  18.5117083, 3.424295, 3.975462,  1.0000000,   4.3174881, 284.0007434, -35.7895822, 0.0000000e+00, 0.0000000e+00, 0.0000000e+00, 0.0000000e+00
 261,    58,    46, 101.4160078,  86.6884022, -0.9796343,  0.0024892,  84.6888170,  18.5117083, 3.743437, 4.229573,  1.0000000,   4.3174881, 286.9050324, -16.0015611, 0.0000000e+00, 0.0000000e+00, 0.0000000e+00, 0.0000000e+00
 84,   107,    42,  52.1537743,  86.6884022, -0.9723648,  0.0008496,  84.6888170,  18.5117083, 3.735507, 4.198175,  1.0000000,   4.3174881, 237.3183518, -12.7937868, 1.9485608e-01, 2.5186597e-01, 3.2351180e-01, 5.4131430e-01
 280,    88,    36,  72.2947838,  86.6884022, -0.9535564, -0.0317992,  84.6888170,  18.5117083, 3.597435, 4.119257,  1.0000000,   4.3174881, 255.7704249, -21.5390520, 0.0000000e+00, 0.0000000e+00, 0.0000000e+00, 0.0000000e+00
 284,    87,    76,  76.9601321,  86.5204757, -0.9574406,  0.1510376,  84.6876997,  18.5117083, 3.662250, 4.184858,  1.0000000,   4.3174881, 261.5797484, 18.0372990, 0.0000000e+00, 0.0000000e+00, 0.0000000e+00, 0.0000000e+00
 285,    87,    86,  81.2119881,  86.3659233, -0.9180291,  0.1895044,  84.6866273,  18.5117083, 3.462255, 4.047145,  1.0000000,   4.3174881, 263.0326392, 27.9313066, 0.0000000e+00, 0.0000000e+00, 0.0000000e+00, 0.0000000e+00
 282,    87,    56,  71.9375903,  86.6884022, -0.9905617,  0.0600279,  84.6888170,  18.5117083, 3.849459, 4.284584,  1.0000000,   4.3174881, 258.6751480, -1.7508810, 0.0000000e+00, 0.0000000e+00, 0.0000000e+00, 0.0000000e+00
 283,    87,    66,  73.8186495,  86.6815096, -0.9822979,  0.1070918,  84.6887721,  18.5117083, 3.794894, 4.266189,  1.0000000,   4.3174881, 260.1269834,  8.1436302, 0.0000000e+00, 0.0000000e+00, 0.0000000e+00, 0.0000000e+00
 299,   107,    56,  52.1419625,  86.6884022, -0.9877200,  0.0731881,  84.6888170,  18.5117083, 3.873506, 4.276160,  1.0000000,   4.3174881, 238.8874006,  1.1541142, 2.0062068e-01, 2.5931630e-01, 3.3307996e-01, 5.6089595e-01
 286,    87,    96,  86.4088686,  86.2178899, -0.8666611,  0.2207700,  84.6855548,  18.5117083, 3.233166, 3.861294,  1.0000000,   4.3174881, 264.4838238, 37.8254937, 0.0000000e+00, 0.0000000e+00, 0.0000000e+00, 0.0000000e+00
 295,   108,    16,  60.1813663,  86.6884022, -0.8304188, -0.0991554,  84.6888170,  18.5117083, 2.860916, 3.610792,  1.0000000,   4.3174881, 233.0778745, -38.4221036, 8.3867527e-02, 1.0840858e-01, 1.3925261e-01, 2.1821219e-01
 294,   108,     6,  65.9356428,  86.6884022, -0.7457261, -0.1157864,  84.6888170,  18.5117083, 2.532569, 3.258242,  1.0000000,   4.3174881, 231.6254705, -48.3156654, 2.8917978e-02, 3.7380998e-02, 4.8018449e-02, 7.0548838e-02
 252,    48,    36, 111.9780211,  86.6884022, -0.9552068, -0.0378895,  84.6888170,  18.5117083, 3.609777, 4.127337,  1.0000000,   4.3174881, 295.3466713, -27.3476310, 0.0000000e+00, 0.0000000e+00, 0.0000000e+00, 0.0000000e+00
 251,    48,    26, 113.4228797,  86.6884022, -0.9202878, -0.0715938,  84.6888170,  18.5117083, 3.442098, 3.985337,  1.0000000,   4.3174881, 293.8940563, -37.2414122, 0.0000000e+00, 0.0000000e+00, 0.0000000e+00, 0.0000000e+00
 250,    48,    16, 115.7180220,  86.6884022, -0.8753462, -0.1000627,  84.6888170,  18.5117083, 3.247122, 3.803909,  1.0000000,   4.3174881, 292.4423650, -47.1357166, 0.0000000e+00, 0.0000000e+00, 0.0000000e+00, 0.0000000e+00
 253,    48,    46, 111.4152401,  86.6884022, -0.9790996, -0.0003547,  84.6888170,  18.5117083, 3.733629, 4.227251,  1.0000000,   4.3174881, 296.7991411, -17.4535318, 0.0000000e+00, 0.0000000e+00, 0.0000000e+00, 0.0000000e+00
 214,   178,    16,  28.2615584,  64.4637221, -0.6614940, -0.0294818,  61.7485881,  18.5117083, 1.707616, 1.501744,  0.5500703,   4.1230711, 163.8203669, -28.2571617, 2.1168006e-04, 3.2357991e-04, 5.0134705e-04, -2.0662795e-01
 90,    99,    11,  70.0035023,  86.6884022, -0.7994020, -0.1112812,  84.6888170,  18.5117083, 2.783147, 3.484689,  1.0000000,   4.3174881, 240.5468947, -44.8026326, 0.0000000e+00, 0.0000000e+00, 0.0000000e+00, 0.0000000e+00
 350,   178,    26,  18.3691684,  65.8560133, -0.8210453, -0.0336862,  63.2007211,  18.5117083, 2.070882, 2.624315,  0.7702314,   4.1463157, 165.2724999, -18.3624032, 1.3649183e-01, 1.7645501e-01, 2.2669946e-01, 2.5822881e-01
 208,   137,    96,  53.1282668,  86.1005054, -0.6880134,  0.2299518,  84.6846686,  18.5117083, 2.254254, 2.760448,  0.8813660,   4.3174881, 215.0147114, 45.0870341, 8.6056159e-02, 1.1124897e-01, 1.4292057e-01, 1.7692902e-01
 339,   157,   106,  58.5955479,  85.9209695, -0.4378778,  0.1636653,  84.6832418,  18.5117083, 1.584956, 0.960155,  0.4757311,   4.3174881, 196.6788452, 57.8848941, -2.4913841e-02, -3.2180182e-02, -4.1295028e-02, -1.6380583e-01
 321,   138,    46,  21.4514120,  86.6884022, -0.9797527,  0.0378331,  84.6888170,  18.5117083, 3.889741, 4.233223,  1.0000000,   4.3174881, 207.7533108, -4.3841187, 3.3181332e-01, 4.2889276e-01, 5.5089452e-01, 9.2447782e-01
 205,   138,    36,  24.2054236,  86.6884022, -0.9475317, -0.0183464,  84.6888170,  18.5117083, 3.403712, 4.091724,  1.0000000,   4.3174881, 206.3003774, -14.2776389, 3.1463524e-01, 4.0669142e-01, 5.2238229e-01, 8.6588272e-01
 320,   138,    26,  30.1934761,  86.6884022, -0.8808472, -0.0631045,  84.6888170,  18.5117083, 2.800642, 3.812794,  1.0000000,   4.3174881, 204.8479996, -24.1711259, 2.8077322e-01, 3.6292742e-01, 4.6617804e-01, 7.5037811e-01
 298,   108,    46,  51.4242389,  86.6884022, -0.9814708,  0.0213075,  84.6888170,  18.5117083, 3.814939, 4.238487,  1.0000000,   4.3174881, 237.4341738, -8.7402716, 2.0585182e-01, 2.6607833e-01, 3.4176620e-01, 5.7377889e-01
 264,    57,   106, 117.1456261,  86.1457467, -0.8739976,  0.2254674,  84.6850142,  18.5117083, 3.327681, 3.897014,  1.0000000,   4.3174881, 295.6180188, 43.3622136, 0.0000000e+00, 0.0000000e+00, 0.0000000e+00, 0.0000000e+00
 242,    27,    86, 136.9884624,  86.5191534, -0.9717385,  0.1412270,  84.6876907,  18.5117083, 3.715531, 4.239546,  1.0000000,   4.3174881, 322.3958004, 19.2179138, 0.0000000e+00, 0.0000000e+00, 0.0000000e+00, 0.0000000e+00
 241,    27,    76, 134.5074836,  86.6801401, -0.9872837,  0.1058452,  84.6887631,  18.5117083, 3.764597, 4.287012,  1.0000000,   4.3174881, 320.9436133,  9.3238374, 0.0000000e+00, 0.0000000e+00, 0.0000000e+00, 0.0000000e+00
 244,    27,   106, 143.9081076,  86.2166838, -0.9166800,  0.2032683,  84.6855459,  18.5117083, 3.516367, 4.053890,  1.0000000,   4.3174881, 325.3005110, 39.0056491, 0.0000000e+00, 0.0000000e+00, 0.0000000e+00, 0.0000000e+00
 243,    27,    96, 140.1363302,  86.3646558, -0.9478932,  0.1739777,  84.6866183,  18.5117083, 3.629735, 4.160880,  1.0000000,   4.3174881, 323.8478119, 29.1118839, 0.0000000e+00, 0.0000000e+00, 0.0000000e+00, 0.0000000e+00
 134,    72,    30,  88.9959076,  86.6884022, -0.9316908, -0.0574291,  84.6888170,  18.5117083, 3.481187, 4.030198,  1.0000000,   4.3174881, 270.6044629, -29.8367061, 0.0000000e+00, 0.0000000e+00, 0.0000000e+00, 0.0000000e+00
 135,    67,    33,  93.4511208,  86.6884022, -0.9447188, -0.0462260,  84.6888170,  18.5117083, 3.553386, 4.083692,  1.0000000,   4.3174881, 276.0942357, -27.4292592, 0.0000000e+00, 0.0000000e+00, 0.0000000e+00, 0.0000000e+00
 138,    57,    39, 101.9570486,  86.6884022, -0.9635966, -0.0253422,  84.6888170,  18.5117083, 3.654954, 4.161756,  1.0000000,   4.3174881, 286.0939873, -22.9753914, 0.0000000e+00, 0.0000000e+00, 0.0000000e+00, 0.0000000e+00
 139,    54,    41, 104.9053638,  86.6884022, -0.9672626, -0.0204822,  84.6888170,  18.5117083, 3.673683, 4.177081,  1.0000000,   4.3174881, 289.3275993, -22.0203690, 0.0000000e+00, 0.0000000e+00, 0.0000000e+00, 0.0000000e+00
 136,    63,    35,  96.2780679,  86.6884022, -0.9522541, -0.0386538,  84.6888170,  18.5117083, 3.594479, 4.114731,  1.0000000,   4.3174881, 279.5188392, -25.7900397, 0.0000000e+00, 0.0000000e+00, 0.0000000e+00, 0.0000000e+00
 137,    60,    38,  98.9635611,  86.6884022, -0.9587558, -0.0312980,  84.6888170,  18.5117083, 3.629465, 4.141622,  1.0000000,   4.3174881, 282.7205476, -24.1914363, 0.0000000e+00, 0.0000000e+00, 0.0000000e+00, 0.0000000e+00
 226,     7,    86, 156.2771235,  86.5716521, -0.9799059,  0.1276893,  84.6880452,  18.5117083, 3.735824, 4.266500,  1.0000000,   4.3174881, 342.1841172, 16.3132902, 0.0000000e+00, 0.0000000e+00, 0.0000000e+00, 0.0000000e+00
 198,    97,    96,  78.3439780,  86.1940609, -0.8428243,  0.2273885,  84.6853776,  18.5117083, 3.099956, 3.768992,  1.0000000,   4.3174881, 254.5901605, 39.2773454, 0.0000000e+00, 0.0000000e+00, 0.0000000e+00, 0.0000000e+00
 293,    97,   106,  84.8976247,  86.0536753, -0.7753524,  0.2473709,  84.6843052,  18.5117083, 2.853802, 3.513819,  1.0000000,   4.3174881, 256.0421348, 49.1711488, 0.0000000e+00, 0.0000000e+00, 0.0000000e+00, 0.0000000e+00
 177,    18,    36, 141.8571894,  86.6884022, -0.9558292, -0.0410969,  84.6888170,  18.5117083, 3.609654, 4.130594,  1.0000000,   4.3174881, 325.0286822, -31.7041004, 0.0000000e+00, 0.0000000e+00, 0.0000000e+00, 0.0000000e+00
 89,   116,    72,  49.2908972,  86.5228313, -0.9447599,  0.1555537,  84.6877157,  18.5117083, 3.560551, 4.133909,  1.0000000,   4.3174881, 232.8926942, 17.3721549, 2.2072906e-01, 2.8530955e-01, 3.6647014e-01, 6.0978076e-01
 362,   187,    76,  32.5004153,  62.7705918, -0.5576157,  0.1175396,  60.5679521,  18.5117083, 1.558423, 1.074943,  0.4596505,   4.1037659, 162.6397308, 32.5598908, -5.1601897e-02, -6.6641414e-02, -8.5498948e-02, -3.8336603e-01
 361,   187,    66,  22.6365134,  61.5811368, -0.7246664,  0.1384854,  59.1157480,  18.5117083, 1.811044, 1.844250,  0.6127539,   4.0794974, 161.1875268, 22.6661640, 4.1791916e-02, 5.4062782e-02, 6.9516319e-02, -6.4796190e-02
 364,   187,    96,  52.2290568,  65.2089120, -0.2563563, -0.0004424,  63.4727256,  18.5117083, 1.299155, 0.321890,  0.3025179,   4.1506103, 165.5445044, 52.3481846, -8.4721508e-02, -1.0946630e-01, -1.4053210e-01, -4.1181511e-01
 363,   187,    86,  42.3652555,  63.9798244, -0.3963583,  0.0669790,  62.0198814,  18.5117083, 1.402906, 0.606247,  0.3653975,   4.1274550, 164.0916602, 42.4545587, -9.9947094e-02, -1.2912774e-01, -1.6575424e-01, -5.3192547e-01
 365,   187,   106,  62.0934428,  66.4554661, -0.1417797, -0.0741902,  64.9251368,  18.5117083, 1.225829, 0.215404,  0.2580784,   4.1732349, 166.9969156, 62.2423969, -4.1100896e-02, -5.3106514e-02, -6.8179829e-02, -1.9484420e-01
 268,    67,    56,  91.8223998,  86.6884022, -0.9914878,  0.0488856,  84.6888170,  18.5117083, 3.823739, 4.285937,  1.0000000,   4.3174881, 278.4635614, -4.6551809, 0.0000000e+00, 0.0000000e+00, 0.0000000e+00, 0.0000000e+00
 342,   168,    36,   9.9330469,  76.8112605, -0.9360820, -0.0032410,  74.5472092,  18.5117083, 2.724374, 4.035879,  1.0000000,   4.3114326, 176.6189880, -9.9205305, 3.0785567e-01, 3.9792936e-01, 5.1112955e-01, 8.4275736e-01
 267,    68,    46,  91.4167835,  86.6884022, -0.9801492,  0.0055929,  84.6888170,  18.5117083, 3.754406, 4.231851,  1.0000000,   4.3174881, 277.0108457, -14.5489588, 0.0000000e+00, 0.0000000e+00, 0.0000000e+00, 0.0000000e+00
 266,    68,    36,  92.1027179,  86.6884022, -0.9545486, -0.0351719,  84.6888170,  18.5117083, 3.606750, 4.124049,  1.0000000,   4.3174881, 275.5591858, -24.4432519, 0.0000000e+00, 0.0000000e+00, 0.0000000e+00, 0.0000000e+00
 265,    68,    26,  93.8543081,  86.6884022, -0.9154247, -0.0712648,  84.6888170,  18.5117083, 3.402159, 3.964294,  1.0000000,   4.3174881, 274.1068554, -34.3367671, 0.0000000e+00, 0.0000000e+00, 0.0000000e+00, 0.0000000e+00
 341,   168,    26,  19.8206664,  75.4018100, -0.8425611, -0.0459111,  73.0941147,  18.5117083, 2.116365, 2.889162,  0.7977971,   4.2917479, 175.1658935, -19.8143969, 1.6864423e-01, 2.1800947e-01, 2.8006608e-01, 3.6790186e-01
 340,   168,    16,  29.7128899,  73.9959151, -0.7045862, -0.0551814,  71.6429488,  18.5117083, 1.769337, 1.773589,  0.5874770,   4.2716947, 173.7147275, -29.7087081, 3.3213725e-02, 4.2976141e-02, 5.5278218e-02, -9.4056725e-02
 269,    67,    66,  93.3039256,  86.6884022, -0.9885407,  0.0924908,  84.6888170,  18.5117083, 3.806703, 4.286653,  1.0000000,   4.3174881, 279.9160101,  5.2385896, 0.0000000e+00, 0.0000000e+00, 0.0000000e+00, 0.0000000e+00
 200,   118,    36,  42.9207010,  86.6884022, -0.9508980, -0.0248881,  84.6888170,  18.5117083, 3.545547, 4.106897,  1.0000000,   4.3174881, 226.0889696, -17.1818827, 2.8566607e-01, 3.6924618e-01, 4.7428460e-01, 7.8725471e-01
 289,    98,    26,  64.9938825,  86.6884022, -0.9052092, -0.0698210,  84.6888170,  18.5117083, 3.290025, 3.919839,  1.0000000,   4.3174881, 244.4247635, -29.9799939, 4.9021307e-02, 6.3364547e-02, 8.1390709e-02, 1.3261292e-01
 306,   118,    46,  41.4299526,  86.6884022, -0.9813558,  0.0262883,  84.6888170,  18.5117083, 3.836179, 4.238512,  1.0000000,   4.3174881, 227.5414842, -7.2877717, 3.1660882e-01, 4.0923974e-01, 5.2565090e-01, 8.8249803e-01
 194,    98,    16,  68.9200679,  86.6884022, -0.8408012, -0.1002378,  84.6888170,  18.5117083, 2.965680, 3.655855,  1.0000000,   4.3174881, 242.9723607, -39.8743620, 9.4213572e-03, 1.2178167e-02, 1.5642990e-02, 2.4672475e-02
 199,   118,    16,  51.9005603,  86.6884022, -0.8182042, -0.0972917,  84.6888170,  18.5117083, 2.726126, 3.557473,  1.0000000,   4.3174881, 223.1840922, -36.9695629, 1.5069428e-01, 1.9479074e-01, 2.5021322e-01, 3.8892662e-01
 288,    98,     6,  73.9979908,  86.6884022, -0.7631578, -0.1188336,  84.6888170,  18.5117083, 2.658969, 3.334631,  1.0000000,   4.3174881, 241.5197919, -49.7683091, 0.0000000e+00, 0.0000000e+00, 0.0000000e+00, 0.0000000e+00
 305,   118,    26,  46.5608502,  86.6884022, -0.8952325, -0.0675680,  84.6888170,  18.5117083, 3.133552, 3.876149,  1.0000000,   4.3174881, 224.6364225, -27.0755613, 2.2537876e-01, 2.9132347e-01, 3.7420138e-01, 6.0677189e-01
 222,     8,    46, 151.4122523,  86.6884022, -0.9769511, -0.0096860,  84.6888170,  18.5117083, 3.702929, 4.218182,  1.0000000,   4.3174881, 336.3743118, -23.2627955, 0.0000000e+00, 0.0000000e+00, 0.0000000e+00, 0.0000000e+00
 221,     8,    36, 151.8274282,  86.6884022, -0.9559719, -0.0419925,  84.6888170,  18.5117083, 3.609045, 4.131378,  1.0000000,   4.3174881, 334.9224900, -33.1567875, 0.0000000e+00, 0.0000000e+00, 0.0000000e+00, 0.0000000e+00
 220,     8,    26, 152.8971369,  86.6884022, -0.9272642, -0.0715931,  84.6888170,  18.5117083, 3.487081, 4.015367,  1.0000000,   4.3174881, 333.4707615, -43.0512863, 0.0000000e+00, 0.0000000e+00, 0.0000000e+00, 0.0000000e+00
 201,   117,    56,  42.3161724,  86.6884022, -0.9850774,  0.0805981,  84.6888170,  18.5117083, 3.880046, 4.267272,  1.0000000,   4.3174881, 228.9935005,  2.6060913, 3.1000978e-01, 4.0070951e-01, 5.1469336e-01, 8.6611370e-01
 87,   103,    21,  62.4481088,  86.6884022, -0.8658451, -0.0884469,  84.6888170,  18.5117083, 3.058358, 3.757729,  1.0000000,   4.3174881, 238.4937397, -34.9742709, 6.8996181e-02, 8.9184751e-02, 1.1455778e-01, 1.8315243e-01
 195,    98,    36,  62.4367818,  86.6884022, -0.9528724, -0.0297877,  84.6888170,  18.5117083, 3.587929, 4.116025,  1.0000000,   4.3174881, 245.8760206, -20.0865570, 8.0065593e-02, 1.0349112e-01, 1.3293087e-01, 2.2083233e-01
 49,   128,    28,  36.8697598,  86.6884022, -0.8981924, -0.0605335,  84.6888170,  18.5117083, 3.060739, 3.886732,  1.0000000,   4.3174881, 214.5393136, -24.2378534, 2.8974923e-01, 3.7452821e-01, 4.8107645e-01, 7.8099562e-01
 287,    87,   106,  92.3936592,  86.0764203, -0.8062029,  0.2438045,  84.6844825,  18.5117083, 3.003144, 3.636452,  1.0000000,   4.3174881, 265.9363476, 47.7191407, 0.0000000e+00, 0.0000000e+00, 0.0000000e+00, 0.0000000e+00
 277,    77,    86,  90.1320311,  86.3910101, -0.9317252,  0.1809460,  84.6868045,  18.5117083, 3.540030, 4.097870,  1.0000000,   4.3174881, 272.9257519, 26.4795178, 0.0000000e+00, 0.0000000e+00, 0.0000000e+00, 0.0000000e+00
 275,    78,    46,  81.4184507,  86.6884022, -0.9806230,  0.0089832,  84.6888170,  18.5117083, 3.766729, 4.234006,  1.0000000,   4.3174881, 267.1171565, -13.0972811, 0.0000000e+00, 0.0000000e+00, 0.0000000e+00, 0.0000000e+00
 191,    77,    56,  81.8723529,  86.6884022, -0.9911942,  0.0542249,  84.6888170,  18.5117083, 3.836408, 4.285868,  1.0000000,   4.3174881, 268.5687494, -3.2030753, 0.0000000e+00, 0.0000000e+00, 0.0000000e+00, 0.0000000e+00
 276,    77,    66,  83.5307432,  86.6884022, -0.9858626,  0.0995366,  84.6888170,  18.5117083, 3.803171, 4.278090,  1.0000000,   4.3174881, 270.0214640,  6.6906193, 0.0000000e+00, 0.0000000e+00, 0.0000000e+00, 0.0000000e+00
 192,    77,    76,  86.3196939,  86.5466370, -0.9655100,  0.1424775,  84.6878769,  18.5117083, 3.702898, 4.213721,  1.0000000,   4.3174881, 271.4731254, 16.5855028, 0.0000000e+00, 0.0000000e+00, 0.0000000e+00, 0.0000000e+00
 47,    97,     2,  76.5442113,  86.6884022, -0.7297161, -0.1227844,  84.6888170,  18.5117083, 2.549472, 3.194829,  1.0000000,   4.3174881, 241.2228477, -53.7831843, 0.0000000e+00, 0.0000000e+00, 0.0000000e+00, 0.0000000e+00
 355,   188,     6,  36.7007282,  53.6940866, -0.4082563,  0.0869314,  50.4020991,  18.5117083, 1.419169, 0.614011,  0.3752536,   3.9200328, 152.4738779, -36.6973426, -1.0755902e-01, -1.3896162e-01, -1.7837671e-01, -5.7423790e-01
 249,    37,   106, 134.8367387,  86.1928533, -0.9045192,  0.2107428,  84.6853686,  18.5117083, 3.464839, 4.009846,  1.0000000,   4.3174881, 315.4069726, 40.4582294, 0.0000000e+00, 0.0000000e+00, 0.0000000e+00, 0.0000000e+00
 185,    37,    96, 130.8039836,  86.3397414, -0.9393344,  0.1816339,  84.6864410,  18.5117083, 3.595162, 4.130688,  1.0000000,   4.3174881, 313.9538154, 30.5646201, 0.0000000e+00, 0.0000000e+00, 0.0000000e+00, 0.0000000e+00
 248,    37,    86, 127.4259414,  86.4931776, -0.9664060,  0.1485299,  84.6875135,  18.5117083, 3.698307, 4.221439,  1.0000000,   4.3174881, 312.5014029, 20.6697246, 0.0000000e+00, 0.0000000e+00, 0.0000000e+00, 0.0000000e+00
 184,    37,    76, 124.7556257,  86.6530861, -0.9846129,  0.1123292,  84.6885859,  18.5117083, 3.762760, 4.278630,  1.0000000,   4.3174881, 311.0490466, 10.7761720, 0.0000000e+00, 0.0000000e+00, 0.0000000e+00, 0.0000000e+00
 247,    37,    66, 122.8414308,  86.6884022, -0.9930591,  0.0741347,  84.6888170,  18.5117083, 3.800235, 4.299452,  1.0000000,   4.3174881, 309.5978485,  0.8820275, 0.0000000e+00, 0.0000000e+00, 0.0000000e+00, 0.0000000e+00
 314,   127,    56,  32.5962351,  86.6884022, -0.9811635,  0.0885608,  84.6888170,  18.5117083, 3.874317, 4.253383,  1.0000000,   4.3174881, 219.0993365,  4.0585586, 3.3426066e-01, 4.3205574e-01, 5.5495661e-01, 9.3282577e-01
 91,    99,     8,  71.3779935,  86.6884022, -0.7783777, -0.1155383,  84.6888170,  18.5117083, 2.703296, 3.397457,  1.0000000,   4.3174881, 240.1471408, -47.3755873, 0.0000000e+00, 0.0000000e+00, 0.0000000e+00, 0.0000000e+00
 44,   105,    36,  54.8388513,  86.6884022, -0.9519528, -0.0283424,  84.6888170,  18.5117083, 3.574496, 4.111866,  1.0000000,   4.3174881, 238.1909894, -19.0253971, 1.6024350e-01, 2.0712746e-01, 2.6604834e-01, 4.4180786e-01
 311,   128,    26,  37.9449466,  86.6884022, -0.8887415, -0.0657214,  84.6888170,  18.5117083, 3.000548, 3.847608,  1.0000000,   4.3174881, 214.7423299, -25.6240714, 2.8499964e-01, 3.6838973e-01, 4.7319305e-01, 7.6479456e-01
 310,   128,    16,  44.3348793,  86.6884022, -0.8036594, -0.0943022,  84.6888170,  18.5117083, 2.551498, 3.493596,  1.0000000,   4.3174881, 213.2902134, -35.5177760, 2.0705125e-01, 2.6764031e-01, 3.4379246e-01, 5.2887088e-01
 313,   128,    46,  31.4367982,  86.6884022, -0.9808524,  0.0317841,  84.6888170,  18.5117083, 3.860950, 4.237041,  1.0000000,   4.3174881, 217.6469697, -5.8357259, 3.3227680e-01, 4.2949176e-01, 5.5166380e-01, 9.2605875e-01
 312,   128,    36,  33.3770289,  86.6884022, -0.9494505, -0.0218696,  84.6888170,  18.5117083, 3.497628, 4.100328,  1.0000000,   4.3174881, 216.1943789, -15.7299071, 3.1567988e-01, 4.0804154e-01, 5.2411619e-01, 8.6944602e-01
 41,    24,     8, 140.4850194,  86.6884022, -0.8478790, -0.1172509,  84.6888170,  18.5117083, 3.169097, 3.695544,  1.0000000,   4.3174881, 314.4073845, -58.6693234, 0.0000000e+00, 0.0000000e+00, 0.0000000e+00, 0.0000000e+00